5.512040000000000169e-04
5.560030000000000094e-04
5.609200000000001251e-04
5.660199999999999780e-04
5.712189999999999802e-04
5.766289999999999437e-04
5.822210000000000623e-04
5.879350000000000418e-04
5.939979999999999869e-04
6.002220000000000819e-04
6.066860000000000525e-04
6.135189999999999784e-04
6.205479999999999547e-04
6.279989999999999618e-04
6.358110000000000150e-04
6.438640000000000682e-04
6.526040000000000963e-04
6.616570000000000654e-04
6.711809999999999695e-04
6.814190000000000568e-04
6.920400000000001030e-04
7.034750000000000638e-04
7.156050000000000171e-04
7.281970000000000890e-04
7.421060000000000807e-04
7.566120000000000397e-04
7.720160000000000433e-04
7.887760000000000387e-04
8.062609999999999569e-04
8.252840000000001303e-04
8.456149999999999734e-04
8.668179999999999939e-04
8.904880000000000434e-04
9.152729999999999764e-04
9.417310000000001218e-04
9.707090000000001551e-04
1.001030000000000192e-03
1.034190000000000153e-03
1.069749999999999954e-03
1.106910000000000229e-03
1.148579999999999957e-03
1.192270000000000265e-03
1.238990000000000143e-03
1.290249999999999947e-03
1.343910000000000026e-03
1.402640000000000137e-03
1.465619999999999944e-03
1.531430000000000074e-03
1.605130000000000402e-03
1.682330000000000110e-03
1.764790000000000239e-03
1.855000000000000095e-03
1.949279999999999850e-03
2.052120000000000159e-03
2.162020000000000174e-03
2.276610000000000526e-03
2.404070000000000339e-03
2.537130000000000288e-03
2.678600000000000165e-03
2.832209999999999936e-03
2.992129999999999963e-03
3.165120000000000433e-03
3.348610000000000128e-03
3.539100000000000319e-03
3.748169999999999887e-03
3.965070000000000226e-03
4.193730000000000548e-03
4.438750000000000855e-03
4.692100000000000264e-03
4.962380000000000610e-03
5.245660000000000947e-03
5.537610000000000969e-03
5.851460000000000168e-03
6.174050000000000371e-03
6.509760000000000719e-03
6.862659999999999594e-03
7.224020000000001135e-03
7.601990000000001177e-03
7.991780000000000411e-03
8.389449999999999685e-03
8.805379999999999804e-03
9.227910000000000626e-03
9.660320000000000018e-03
1.010420000000000068e-02
1.055340000000000097e-02
1.101210000000000036e-02
1.147650000000000059e-02
1.194450000000000026e-02
1.241910000000000062e-02
1.289509999999999962e-02
1.337330000000000289e-02
1.385180000000000092e-02
1.433000000000000072e-02
1.480620000000000026e-02
1.527920000000000146e-02
1.575000000000000011e-02
1.621260000000000062e-02
1.667070000000000010e-02
1.712230000000000349e-02
1.756310000000000163e-02
1.799800000000000011e-02
1.842030000000000056e-02
1.883199999999999805e-02
1.923650000000000360e-02
1.962150000000000005e-02
1.999799999999999842e-02
2.036179999999999934e-02
2.070769999999999902e-02
2.104450000000000071e-02
2.136260000000000242e-02
2.166620000000000351e-02
2.196019999999999917e-02
2.222949999999999926e-02
2.248880000000000323e-02
2.273319999999999855e-02
2.295770000000000102e-02
2.317210000000000103e-02
2.336660000000000126e-02
2.354640000000000205e-02
2.371630000000000266e-02
2.386210000000000067e-02
2.399850000000000247e-02
2.412070000000000186e-02
2.422450000000000297e-02
2.431939999999999796e-02
2.439650000000000152e-02
2.446090000000000417e-02
2.451680000000000179e-02
2.455240000000000200e-02
2.458019999999999997e-02
2.459640000000000090e-02
2.459790000000000240e-02
2.459230000000000096e-02
2.457280000000000228e-02
2.454360000000000222e-02
2.450779999999999972e-02
2.445680000000000076e-02
2.440020000000000383e-02
2.433499999999999899e-02
2.425920000000000160e-02
2.417839999999999920e-02
2.408779999999999949e-02
2.399060000000000081e-02
2.388880000000000170e-02
2.377680000000000071e-02
2.366100000000000148e-02
2.353970000000000021e-02
2.341150000000000175e-02
2.328020000000000089e-02
2.314269999999999869e-02
2.300110000000000002e-02
2.285670000000000063e-02
2.270630000000000218e-02
2.255369999999999944e-02
2.239780000000000243e-02
2.223820000000000310e-02
2.207680000000000059e-02
2.191210000000000380e-02
2.174540000000000153e-02
2.157720000000000124e-02
2.140600000000000142e-02
2.123390000000000000e-02
2.106020000000000114e-02
2.088500000000000079e-02
2.070910000000000112e-02
2.053190000000000223e-02
2.035400000000000056e-02
2.017570000000000127e-02
1.999659999999999979e-02
1.981729999999999950e-02
1.963770000000000099e-02
1.945800000000000307e-02
1.927830000000000168e-02
1.909880000000000258e-02
1.891939999999999941e-02
1.874030000000000140e-02
1.856179999999999983e-02
1.838360000000000341e-02
1.820590000000000055e-02
1.802910000000000276e-02
1.785269999999999913e-02
1.767720000000000055e-02
1.750260000000000010e-02
1.732860000000000303e-02
1.715600000000000111e-02
1.698410000000000197e-02
1.681320000000000037e-02
1.664360000000000145e-02
1.647479999999999778e-02
1.630740000000000314e-02
1.614120000000000138e-02
1.597570000000000240e-02
1.581220000000000195e-02
1.564960000000000309e-02
1.548810000000000117e-02
1.532839999999999897e-02
1.516939999999999782e-02
1.501220000000000158e-02
1.485629999999999937e-02
1.470119999999999934e-02
1.454840000000000126e-02
1.439640000000000017e-02
1.424580000000000117e-02
1.409690000000000075e-02
1.394900000000000133e-02
1.380279999999999875e-02
1.365800000000000174e-02
1.351409999999999938e-02
1.337250000000000071e-02
1.323170000000000075e-02
1.309230000000000116e-02
1.295470000000000128e-02
1.281799999999999953e-02
1.268309999999999924e-02
1.254950000000000163e-02
1.241680000000000214e-02
1.228630000000000173e-02
1.215669999999999945e-02
1.202839999999999986e-02
1.190180000000000057e-02
1.177620000000000056e-02
1.165220000000000145e-02
1.152949999999999982e-02
1.140760000000000038e-02
1.128790000000000175e-02
1.116900000000000011e-02
1.105130000000000175e-02
1.093530000000000023e-02
1.082010000000000090e-02
1.070649999999999900e-02
1.059419999999999980e-02
1.048259999999999990e-02
1.037300000000000028e-02
1.026420000000000110e-02
1.015650000000000060e-02
1.005040000000000100e-02
9.945010000000002390e-03
9.841160000000001573e-03
9.738420000000001103e-03
9.636419999999999708e-03
9.536249999999999588e-03
9.436800000000000396e-03
9.338429999999999995e-03
9.241469999999999893e-03
9.145210000000000838e-03
9.050350000000000408e-03
8.956510000000000860e-03
8.863350000000000742e-03
8.771880000000000996e-03
8.681059999999999124e-03
8.591240000000001723e-03
8.502710000000000129e-03
8.414830000000001614e-03
8.328220000000000761e-03
8.242549999999999530e-03
8.157509999999999761e-03
8.073999999999999580e-03
7.991100000000000980e-03
7.909110000000000446e-03
7.828289999999999901e-03
7.748069999999999263e-03
7.669010000000001277e-03
7.590799999999999978e-03
7.513169999999999571e-03
7.436940000000000391e-03
7.361260000000000546e-03
7.286400000000001036e-03
7.212619999999999448e-03
7.139379999999999858e-03
7.067200000000000044e-03
6.995789999999999995e-03
6.924910000000000267e-03
6.855300000000000803e-03
6.786190000000000104e-03
6.717829999999999288e-03
6.650449999999998724e-03
6.583560000000000453e-03
6.517629999999999084e-03
6.452410000000000437e-03
6.387669999999999806e-03
6.324080000000000153e-03
6.260940000000000429e-03
6.198490000000000076e-03
6.136930000000000510e-03
6.075810000000000065e-03
6.015560000000000525e-03
5.955960000000000594e-03
5.896790000000000712e-03
5.838669999999999798e-03
5.780960000000000786e-03
5.723869999999999826e-03
5.667590000000000128e-03
5.611709999999999789e-03
5.556629999999999903e-03
5.502130000000000042e-03
5.448020000000000466e-03
5.394860000000000454e-03
5.342080000000000786e-03
5.289860000000000395e-03
5.238370000000000005e-03
5.187250000000000021e-03
5.136850000000000097e-03
5.086979999999999627e-03
5.037469999999999622e-03
4.988819999999999713e-03
4.940510000000000387e-03
4.892710000000000635e-03
4.845580000000000373e-03
4.798780000000000753e-03
4.752629999999999875e-03
4.706970000000000424e-03
4.661630000000000808e-03
4.617070000000000028e-03
4.572820000000000010e-03
4.529039999999999802e-03
4.485860000000000368e-03
4.442990000000000828e-03
4.400710000000000385e-03
4.358859999999999991e-03
4.317310000000000418e-03
4.276470000000000098e-03
4.235920000000000657e-03
4.195779999999999649e-03
4.156199999999999652e-03
4.116889999999999786e-03
4.078120000000000182e-03
4.039749999999999938e-03
4.001639999999999885e-03
3.964180000000000308e-03
3.926979999999999187e-03
3.890160000000000579e-03
3.853849999999999811e-03
3.817779999999999785e-03
3.782200000000000319e-03
3.746980000000000015e-03
3.712009999999999962e-03
3.677629999999999875e-03
3.643480000000000156e-03
3.609680000000000527e-03
3.576329999999999960e-03
3.543220000000000137e-03
3.510540000000000795e-03
3.478199999999999868e-03
3.446080000000000237e-03
3.414500000000000434e-03
3.383129999999999818e-03
3.352069999999999963e-03
3.321430000000000649e-03
3.290999999999999655e-03
3.260969999999999754e-03
3.231249999999999747e-03
3.201720000000000347e-03
3.172690000000000145e-03
3.143850000000000117e-03
3.115299999999999667e-03
3.087120000000000489e-03
3.059140000000000123e-03
3.031520000000000221e-03
3.004179999999999958e-03
2.977029999999999867e-03
2.950320000000000199e-03
2.923779999999999955e-03
2.897510000000000276e-03
2.871590000000000253e-03
2.845830000000000148e-03
2.820420000000000132e-03
2.795250000000000425e-03
2.770250000000000143e-03
2.745660000000000028e-03
2.721229999999999830e-03
2.697050000000000315e-03
2.673169999999999887e-03
2.649459999999999749e-03
2.626049999999999999e-03
2.602870000000000184e-03
2.579840000000000345e-03
2.557190000000000418e-03
2.534680000000000526e-03
2.512390000000000196e-03
2.490390000000000312e-03
2.468540000000000404e-03
2.446959999999999760e-03
2.425600000000000412e-03
2.404370000000000292e-03
2.383490000000000261e-03
2.362740000000000326e-03
2.342190000000000071e-03
2.321900000000000439e-03
2.301739999999999602e-03
2.281850000000000198e-03
2.262140000000000158e-03
2.242559999999999779e-03
2.223290000000000162e-03
2.204150000000000206e-03
2.185190000000000049e-03
2.166470000000000201e-03
2.147870000000000074e-03
2.129510000000000257e-03
2.111319999999999864e-03
2.093250000000000492e-03