20.304400
21.363799
22.423199
23.561491
24.700588
25.919722
27.140507
28.442143
29.746307
31.131387
32.519874
33.988947
35.462306
37.015298
38.573429
40.209552
41.851609
43.569346
45.293737
47.090897
48.895334
50.768824
52.650072
54.596017
56.550048
58.563755
60.585693
62.661522
64.745496
66.877054
69.016449
71.196325
73.383429
75.603482
77.829888
80.081182
82.337636
84.610330
86.886634
89.170254
91.455612
93.739104
96.022123
98.293737
100.562279
102.809889
105.051518
107.262555
109.464335
111.626015
113.774862
115.874215
117.956846
119.980931
121.984164
123.920136
125.830886
127.666105
129.471536
131.193812
132.881638
134.479243
136.037623
137.499504
138.917392
140.233300
141.500500
142.661006
143.768164
144.764920
145.703928
146.529633
147.293375
147.942009
148.524865
148.991604
149.389046
149.670374
149.879369
149.973248
149.992302
149.898010
149.726874
149.445131
149.085198
148.618112
148.072070
147.423089
146.695066
145.869010
144.964528
143.967514
142.893388
141.732652
140.496744
139.180667
137.792130
136.330117
134.798950
133.201276
131.538424
129.816157
128.033261
126.198121
124.307469
122.371660
120.385889
118.361978
116.294122
114.194991
112.058333
109.896976
107.704748
105.494067
103.259353
101.012145
98.747980
96.476811
94.195731
91.912722
89.626867
87.343696
85.064657
82.792472
80.531292
78.280562
76.047341
73.827778
71.632117
69.452760
67.303217
65.172176
63.076511
61.001126
58.966303
56.953059
54.984999
53.039464
51.143341
49.270267
47.450210
45.653410
43.912751
42.195280
40.536608
38.900756
37.325760
35.773002
34.282679
32.813788
31.408336
30.023375
28.702446
27.400923
26.163523
24.944374
23.789109
22.650834
21.575664
20.516213
19.518850
18.535904
17.613662
16.704526
15.854370
15.016045
14.234791
13.464134
12.748448
12.042170
11.388571
10.743238
10.148094
9.560162
9.019940
8.485936
7.997005
7.513381
7.072209
6.635505
6.238559
5.845336
5.489334
5.136367
4.817926
4.501922
4.217956
3.935895
3.683371
3.432296
3.208476
2.985702
2.787752
2.590513
2.416044
2.242003
2.088677
1.935542
1.801121
1.666700