82949
86379
88613
91155
94346
96925
100031
102527
104921
107354
110454
113021
115364
117848
121675
123134
125679
127558
129677
132351
134166
135192
137858
139639
141144
142810
144349
145700
147748
149894
151159
151136
151550
152269
154231
154458
156154
156687
157393
158218
158685
159772
159697
159999
160954
161328
161900
162006
162608
162740
162540
162228
162542
162489
162777
162953
163733
163718
164027
163088
164179
163443
164439
164055
164639
164188
164522
163429
163616
164725
164322
164489
164293
164385
164598
163590
163692
164267
163585
163756
164095
163808
163526
163264
163251
162209
163082
163115
162784
162048
162414
162159
161545
162561
161444
162186
162461
161696
163492
162316
162039
163079
162471
163476
163006
162588
163532
163374
163833
163635
162852
164365
164071
164872
164294
164224
165254
164724
165020
166082
165427
165251
165890
166252
166499
165698
165824
166310
165998
166915
166682
167232
166263
166445
167032
166812
166797
167530
167517
166894
167331
167399
166959
167231
167432
167114
167081
167850
167306
166516
166886
167171
167494
166992
167386
168285
168269
168183
168404
167639
167655
167720
169067
167699
168060
168197
168677
168072
168517
168440
168414
167758
167768
167654
167958
168643
168830
169277
167775
167696
168843
169089
168379
168677
168125
168240
168163
168294
168354
169086
168202
169158
168511
168461
168372
167834
168112
168432
167550
167873
168585
168130
168140
168872
168328
168310
169192
168658
168592
168298
168943
168043
168215
168447
168153
168381
168569
167959
168242
168320
167359
167913
167394
167338
167338
168526
168782
168041
168445
168304
168602
168360
168290
168012
168956
168978
169087
168366
168598
167662
169026
169129
169186
168984
167943
169288
169118
169958
168516
168463
168221
168156
167625
167890
167814
168577
168156
168644
167352
168968
168268
168470
168283
168652
167925
167947
168719
168154
168731
168538
168772
167959
168490
168503
168043
168019
168868
168625
168523
168867
169062
169286
169068
169096
169511
168735
168706
169254
168847
169021
168806
169296
169246
168188
167553
168628
168159
168232
167884
168457
168113
169014
167868
168463
168618
167754
168551
167973
168440
168244
167539
167941
168179
168378
167891
166686
167915
168222
166400
166940
168486
168445
167662
166707
167003
167121
167353
167380
167706
167893
167620
167380
166750
168434
168043
166997
168271
167348
168250
168758
168827
168233
169406
168643
168457
167619
168282
168668
168025
168668
168375
