-4.675719197694120908e+02
-1.354727048655823580e+02
-7.678926343021169032e+01
-5.322615217120681308e+01
-4.267237214890121777e+01
-3.721464663236779558e+01
-3.403488878881260860e+01
-3.201236912041720473e+01
-3.063635586618837792e+01
-2.967203009713672301e+01
-2.896477531555000695e+01
-2.844999608815370351e+01
-2.805720806031888159e+01
-2.778101251530315707e+01
-2.757921888448499814e+01
-2.744161970169061249e+01
-2.737132664875384691e+01
-2.734878371879827696e+01
-2.736301262714630056e+01
-2.743556357276539970e+01
-2.752792641103338767e+01
-2.767578097259948677e+01
-2.784999914007228483e+01
-2.805031141632915848e+01
-2.830396436188445719e+01
-2.858558784666082531e+01
-2.889510948126956791e+01
-2.925880794355145298e+01
-2.965418932004003949e+01
-3.009949643576256406e+01
-3.058929620708194719e+01
-3.110084846845274242e+01
-3.170445301271106331e+01
-3.233460850806456932e+01
-3.300413034346490804e+01
-3.374688479035635424e+01
-3.452674236970351984e+01
-3.537832867392107516e+01
-3.628523328154240346e+01
-3.723319424650441078e+01
-3.830296747262995183e+01
-3.940657525409703510e+01
-4.057137758607662192e+01
-4.184685522541124669e+01
-4.314279599568980217e+01
-4.454860964783355115e+01
-4.603992326252088674e+01
-4.753844001957084942e+01
-4.919490906042628353e+01
-5.088022912179655322e+01
-5.261677683591929622e+01
-5.447693371596579226e+01
-5.633245387745056121e+01
-5.830056686410250677e+01
-6.032197754889363495e+01
-6.230032263067347742e+01
-6.445901403771316041e+01
-6.656273325141646069e+01
-6.867230553374363922e+01
-7.088853685067857668e+01
-7.301133476885512152e+01
-7.522392845191330935e+01
-7.741880901893190980e+01
-7.954168362695102701e+01
-8.179998282864519865e+01
-8.393976633325586079e+01
-8.606072569469056077e+01
-8.821181245519365177e+01
-9.025080332488271040e+01
-9.232424871778852093e+01
-9.437347494071944709e+01
-9.628231347900218395e+01
-9.833467900234010983e+01
-1.002906117468300380e+02
-1.022315091120103148e+02
-1.042317396181492484e+02
-1.061518946308795961e+02
-1.081536025634565306e+02
-1.101627608556008084e+02
-1.121223745035389072e+02
-1.142092113698220999e+02
-1.162167337214963112e+02
-1.182267851654833350e+02
-1.202234952004410218e+02
-1.220823023611295639e+02
-1.238635512853756779e+02
-1.254882923750518700e+02
-1.269230872191232322e+02
-1.282007167038945852e+02
-1.292613851737478683e+02
-1.301132055207841347e+02
-1.307558056836890330e+02
-1.311995509451696194e+02
-1.314210920948334831e+02
-1.314190823522533833e+02
-1.312285039812724108e+02
-1.308065399506631366e+02
-1.301545947878767038e+02
-1.293093074140425358e+02
-1.282150913371790750e+02
-1.269248465184393098e+02
-1.254569527685029158e+02
-1.238241905973546864e+02
-1.220625873807546640e+02
-1.201505744931645410e+02
-1.181618816928099704e+02
-1.160851554999856319e+02
-1.139040626648369283e+02
-1.117053356060311700e+02
-1.094226000296790033e+02
-1.071098906740185441e+02
-1.047938637960967299e+02
-1.024283803187141615e+02
-1.000859399686258229e+02
-9.775812558717956335e+01
-9.542532259443231624e+01
-9.314269409536937872e+01
-9.087889101379330725e+01
-8.868515509902179872e+01
-8.657284473731958485e+01
-8.446416150996113004e+01
-8.245731616395225672e+01
-8.053028359997541941e+01
-7.866574060292749948e+01
-7.690759813078433638e+01
-7.523222435545181952e+01
-7.365771712249765812e+01
-7.218018867883846212e+01
-7.079509240023807592e+01
-6.951215610781615339e+01
-6.833926320932594933e+01
-6.724911608287641229e+01
-6.626381629820289731e+01
-6.536671793609623649e+01
-6.456191408546754928e+01
-6.385912776349937303e+01
-6.322576236402646543e+01
-6.267330364969762968e+01
-6.219049390299584701e+01
-6.176711554822183814e+01
-6.142866127374248464e+01
-6.112731948949477356e+01
-6.086945430015157399e+01
-6.066816587534861327e+01
-6.049763153220938250e+01
-6.035644253889520172e+01
-6.023529707473513639e+01
-6.012740619355238891e+01
-6.003623809736730976e+01
-5.995703016190230983e+01
-5.987589951175652203e+01
-5.980043316278576526e+01
-5.969357975037402042e+01
-5.959015857725757570e+01
-5.947109970833270864e+01
-5.933334254606467084e+01
-5.919567724326888936e+01
-5.902752717583341280e+01
-5.883872158540959418e+01
-5.863311164263605235e+01
-5.841059704739587488e+01
-5.817114786107169522e+01
-5.791505522467415545e+01
-5.763185182931892570e+01
-5.732630018834109364e+01
-5.700352721670466138e+01
-5.666798740579712756e+01
-5.631474580709809175e+01
-5.595174131586735200e+01
-5.556460341451587226e+01
-5.516729209068857642e+01
-5.475763140590251510e+01
-5.432382360589841852e+01
-5.388848360272836402e+01
-5.343968474628721310e+01
-5.298835909831993263e+01
-5.252199466195760635e+01
-5.204996236326577019e+01
-5.156594564480540299e+01
-5.108129205807599504e+01
-5.058749869696277557e+01
-5.009212277004316860e+01
-4.960350373540242686e+01
-4.910057716811074613e+01
-4.860426296425723081e+01
-4.810893392562849158e+01
-4.761535218547565762e+01
-4.711770371746499109e+01
-4.662249581926130304e+01
-4.613578063029297738e+01
-4.564322273193054258e+01
-4.515251343978933818e+01
-4.467105102955739682e+01
-4.419719501308026111e+01
-4.371591319595484038e+01
-4.324860962583308321e+01
-4.278374843020013429e+01
-4.231715078073947467e+01
-4.185919684735324608e+01
-4.140256353399108491e+01
-4.094978028374317347e+01
-4.050501004073245070e+01
-4.006246267596224442e+01
-3.962898152254125961e+01
-3.918750147809583240e+01
-3.876645389696084010e+01
-3.834025683234197146e+01
-3.791916236732214429e+01
-3.751072583384166848e+01
-3.710709289999842042e+01
-3.669187383248095102e+01
-3.629972710827733806e+01
-3.590290367621224732e+01
-3.551847561072828086e+01
-3.513355759940240119e+01
-3.474921114229988461e+01
-3.437133274908497782e+01
-3.400330026788548565e+01
-3.363556969290167586e+01
-3.327167117076618297e+01
-3.290489174823945717e+01
-3.255786710782583526e+01
-3.220883164832091694e+01
-3.186537195773799525e+01
-3.152772003498980879e+01
-3.118769138647693850e+01
-3.085720789804295450e+01
-3.053187345948387943e+01
-3.020542897753965406e+01
-2.988908912651050187e+01
-2.958531850221276827e+01
-2.927007939895313626e+01
-2.895844013983198906e+01
-2.866096642561011976e+01
-2.836592463520499408e+01
-2.807029684962576255e+01
-2.777795314143291350e+01
-2.748713189789499367e+01
-2.720708794869598535e+01
-2.692467611926157289e+01
-2.665022007002012217e+01
-2.637529284639191118e+01
-2.610215510584761134e+01
-2.583917257750676200e+01
-2.557562515077361454e+01
-2.531468236954135165e+01
-2.505534572779389535e+01
-2.480084799565732112e+01
-2.455056174332483820e+01
-2.430586680271317945e+01
-2.406050465196701893e+01
-2.381579390387978989e+01
-2.357522708024065849e+01
-2.334345182161867172e+01
-2.311183602654763547e+01
-2.288462099413336048e+01
-2.265650365418447265e+01
-2.242898670289097751e+01
-2.221231622212111745e+01
-2.199156001195769861e+01
-2.177337421572427800e+01
-2.156165108883908132e+01
-2.134923211934307474e+01
-2.114016982693999935e+01
-2.093687179921401764e+01
-2.073032097164108833e+01
-2.052706363510447218e+01
-2.032791287389483514e+01
-2.013031087941439523e+01
-1.993788636253137270e+01
-1.974611831400405748e+01
-1.955347838860808807e+01
-1.936653761666450535e+01
-1.918085819170653039e+01
-1.899539715851423693e+01
-1.881763355927951054e+01
-1.863675544516972948e+01
-1.846041359752342004e+01
-1.828181613662374616e+01
-1.810889062280362793e+01
-1.793870856202921971e+01
-1.776534641306505335e+01
-1.759842221859696210e+01
-1.743295361534079646e+01
-1.727145735422387673e+01
-1.710829348636996272e+01
-1.694593421565619451e+01
-1.678690725099496461e+01
-1.662890413898053055e+01
-1.647431911343390709e+01
-1.632116914994986345e+01
-1.616904387890920347e+01
-1.601917168378896150e+01
-1.587059692365906827e+01
-1.572022732150774083e+01
-1.557655451982123118e+01
-1.543311773353633320e+01
-1.529104393872358258e+01
-1.514978745562890161e+01
-1.501008265022810306e+01
-1.487105012330514597e+01
-1.473641113472150543e+01
-1.460191220329469886e+01
-1.446641329890751138e+01
-1.433532018187700352e+01
-1.420472231478170855e+01
-1.407109681837886583e+01
-1.394453928675018872e+01
-1.381696981508996558e+01
-1.369193712212867453e+01
-1.356775642251851188e+01
-1.344415898579572755e+01
-1.332235825735139478e+01
-1.320104114932592232e+01
-1.308026227881465431e+01
-1.296349608464163161e+01
-1.284416905431933031e+01
-1.272957901302594408e+01
-1.261511215922086748e+01
-1.250108403785280764e+01
-1.238892955939212293e+01
-1.227868562256274387e+01
-1.216903444539287094e+01
-1.206023699252885706e+01
-1.195090444619138026e+01
-1.184464924509603634e+01
-1.173975317398199358e+01
-1.163595953428688468e+01
-1.153411406955419416e+01
-1.143321863421736495e+01
-1.133132141014612415e+01
-1.123099233683056042e+01
-1.113289694024588528e+01
-1.103699247972195252e+01
-1.093899974373555395e+01
-1.084523112552672863e+01
-1.075132903640144022e+01
-1.065953734323185209e+01
-1.056571600313510650e+01
-1.047815080151021050e+01
-1.038797096294387323e+01
-1.029938921417191899e+01
-1.021164329114772507e+01
-1.012571218448311328e+01
-1.004108399032999799e+01
-9.954537798204761145e+00
-9.870810924546470133e+00
-9.789377556023739047e+00
-9.707200311422838013e+00
-9.627917274427842287e+00
-9.548303695533387980e+00
-9.467932944102148696e+00
-9.390735026261211260e+00
-9.313160723057054113e+00
-9.238732356259255596e+00
-9.162726176937161071e+00
-9.088636012548482412e+00
-9.014584185889729540e+00
-8.942806906450146087e+00
-8.870124189711292573e+00
-8.799255548563305496e+00
-8.727657283904093788e+00
-8.659188429786436103e+00
-8.591210569424287513e+00
-8.522363139641434771e+00
-8.455259920674098595e+00
-8.389606219486765326e+00
-8.322917097472616987e+00
-8.259651982624982125e+00
-8.194713057455986771e+00
-8.131313893706831664e+00
-8.068457608354068000e+00
-8.006144779178153925e+00
-7.943303410369194850e+00
-7.882696649964493041e+00
-7.823159758122500307e+00
-7.763010550786761499e+00
-7.703856638442101890e+00
-7.643452337692164811e+00
-7.587095399477358448e+00
-7.529731422499241766e+00
-7.472093509458831662e+00
-7.405890231372344701e+00
-7.316030693392166384e+00
3.656872424316065917e+01
3.630246750158271141e+01
3.601434933835732011e+01
3.572457558817367840e+01
3.543905038244409411e+01
3.516824835951601358e+01
3.490520038733825459e+01
3.467214811531654561e+01
3.450529307208888952e+01
3.447442102615471526e+01
3.478054249701254719e+01
3.593655151617141996e+01
3.944196335935929199e+01
5.094721771302300084e+01
1.021099327589939492e+02
6.340201776026491416e+02