4.81E-04
6.81E-04
9.62E-04
1.35E-03
1.90E-03
2.65E-03
3.70E-03
5.14E-03
7.11E-03
9.81E-03
1.35E-02
1.85E-02
2.52E-02
3.43E-02
4.66E-02
6.30E-02
8.49E-02
1.14E-01
1.53E-01
2.04E-01
2.71E-01
3.59E-01
4.74E-01
6.24E-01
8.19E-01
1.07E+00
1.40E+00
1.81E+00
2.35E+00
3.03E+00
3.90E+00
5.00E+00
6.38E+00
8.13E+00
1.03E+01
1.30E+01
1.64E+01
2.07E+01
2.59E+01
3.23E+01
4.02E+01
4.98E+01
6.16E+01
7.58E+01
9.31E+01
1.14E+02
1.39E+02
1.69E+02
2.04E+02
2.47E+02
2.97E+02
3.56E+02
4.26E+02
5.07E+02
6.02E+02
7.12E+02
8.40E+02
9.88E+02
1.16E+03
1.35E+03
1.57E+03
1.82E+03
2.11E+03
2.43E+03
2.79E+03
3.19E+03
3.64E+03
4.14E+03
4.69E+03
5.30E+03
5.96E+03
6.69E+03
7.48E+03
8.34E+03
9.26E+03
1.03E+04
1.13E+04
1.24E+04
1.36E+04
1.49E+04
1.62E+04
1.76E+04
1.90E+04
2.05E+04
2.20E+04
2.36E+04
2.52E+04
2.68E+04
2.84E+04
3.00E+04
3.16E+04
3.31E+04
3.47E+04
3.61E+04
3.76E+04
3.89E+04
4.01E+04
4.13E+04
4.23E+04
4.33E+04
4.41E+04
4.47E+04
4.53E+04
4.56E+04
4.59E+04
4.60E+04
4.59E+04
4.56E+04
4.53E+04
4.47E+04
4.41E+04
4.33E+04
4.23E+04
4.13E+04
4.01E+04
3.89E+04
3.76E+04
3.61E+04
3.47E+04
3.31E+04
3.16E+04
3.00E+04
2.84E+04
2.68E+04
2.52E+04
2.36E+04
2.20E+04
2.05E+04
1.90E+04
1.76E+04
1.62E+04
1.49E+04
1.36E+04
1.24E+04
1.13E+04
1.03E+04
9.26E+03
8.34E+03
7.48E+03
6.69E+03
5.96E+03
5.30E+03
4.69E+03
4.14E+03
3.64E+03
3.19E+03
2.79E+03
2.43E+03
2.11E+03
1.82E+03
1.57E+03
1.35E+03
1.16E+03
9.88E+02
8.40E+02
7.12E+02
6.02E+02
5.07E+02
4.26E+02
3.56E+02
2.97E+02
2.47E+02
2.04E+02
1.69E+02
1.39E+02
1.14E+02
9.31E+01
7.58E+01
6.16E+01
4.98E+01
4.02E+01
3.23E+01
2.59E+01
2.07E+01
1.64E+01
1.30E+01
1.03E+01
8.13E+00
6.38E+00
5.00E+00
3.90E+00
3.03E+00
2.35E+00
1.81E+00
1.40E+00
1.07E+00
8.19E-01
6.24E-01
4.74E-01
3.59E-01
2.71E-01
2.04E-01
1.53E-01
1.14E-01
8.49E-02
6.30E-02
4.66E-02
3.43E-02
2.52E-02
1.85E-02
1.35E-02
9.81E-03
7.11E-03
5.14E-03
3.70E-03
2.65E-03
1.90E-03
1.35E-03
9.62E-04
6.81E-04
4.81E-04
3.38E-04
2.37E-04
1.66E-04
1.15E-04
8.02E-05
5.55E-05
3.83E-05
2.63E-05
1.80E-05
1.23E-05
8.37E-06
5.67E-06
3.83E-06
2.58E-06
1.73E-06
1.16E-06
7.74E-07
5.15E-07
3.41E-07
2.25E-07
1.48E-07
9.72E-08
6.36E-08
4.14E-08
2.69E-08
1.74E-08
1.12E-08
7.22E-09
4.63E-09
2.96E-09
1.88E-09
1.19E-09
7.55E-10
4.76E-10
2.99E-10
1.87E-10
1.17E-10
7.26E-11
4.50E-11
2.78E-11
1.71E-11
1.05E-11
6.42E-12
3.91E-12
2.38E-12
1.44E-12
8.69E-13
5.23E-13
3.13E-13
1.87E-13
1.12E-13
6.62E-14
3.92E-14
2.31E-14
1.36E-14
7.94E-15
4.64E-15
2.70E-15
1.56E-15
9.04E-16
5.21E-16
2.99E-16
1.71E-16
9.75E-17
5.54E-17
3.14E-17
1.77E-17
9.98E-18
5.59E-18
3.13E-18
1.74E-18
9.67E-19
5.35E-19
2.95E-19
1.62E-19
8.89E-20
4.86E-20
2.64E-20
1.43E-20
7.75E-21
4.18E-21
2.24E-21
1.20E-21
6.41E-22
3.41E-22
1.80E-22
9.53E-23
5.02E-23
2.63E-23
1.38E-23
7.18E-24
3.73E-24
1.93E-24
9.96E-25
5.12E-25
2.62E-25
1.34E-25
6.83E-26
3.46E-26
1.75E-26
8.83E-27
4.44E-27
2.22E-27
1.11E-27
5.52E-28
2.73E-28
1.35E-28
6.65E-29
3.27E-29
1.60E-29
7.79E-30
3.79E-30
1.83E-30
8.85E-31
4.26E-31
2.04E-31
9.76E-32
4.65E-32
2.21E-32
1.04E-32
4.92E-33
2.31E-33
1.08E-33
5.06E-34
2.36E-34
1.09E-34
5.05E-35
2.33E-35
1.07E-35
4.89E-36
2.23E-36
1.01E-36
4.59E-37
2.07E-37
9.33E-38
4.19E-38
1.87E-38
8.34E-39
3.70E-39
1.64E-39
7.23E-40
3.18E-40
1.39E-40
6.09E-41
2.65E-41
1.15E-41
4.97E-42
2.14E-42
9.21E-43
3.94E-43
1.68E-43
7.15E-44
3.03E-44
1.28E-44
5.39E-45
2.26E-45
9.46E-46
3.95E-46
1.64E-46
6.79E-47
2.80E-47
1.15E-47
4.72E-48
1.93E-48
7.86E-49
3.19E-49
1.29E-49
5.20E-50
2.09E-50
8.38E-51
3.34E-51
1.33E-51
5.28E-52
2.08E-52
8.21E-53
3.22E-53
1.26E-53
4.92E-54
1.91E-54
7.41E-55
2.86E-55
1.10E-55
4.22E-56
1.61E-56
6.15E-57
2.33E-57
8.83E-58
3.33E-58
1.25E-58


