20.3044
22.4339
24.7236
27.1775
29.7990
32.5900
35.5516
38.6836
41.9843
45.4505
49.0776
52.8591
56.7869
60.8512
65.0402
69.3406
73.7369
78.2122
82.7479
87.3235
91.9173
96.5064
101.0664
105.5723
109.9981
114.3175
118.5038
122.5305
126.3713
130.0004
133.3931
136.5256
139.3757
141.9229
144.1484
146.0359
147.5711
148.7427
149.5416
149.9617
150.0000
149.6560
148.9325
147.8349
146.3715
144.5534
142.3943
139.9100
137.1189
134.0411
130.6986
127.1148
123.3144
119.3228
115.1662
110.8713
106.4647
101.9727
97.4215
92.8363
88.2415
83.6604
79.1152
74.6262
70.2127
65.8919
61.6794
57.5892
53.6332
49.8218
46.1633
42.6644
39.3303
36.1644
33.1687
30.3436
27.6884
25.2011
22.8789
20.7177
18.7129
16.8591
15.1502
13.5798
12.1412
10.8274
9.6311
8.5452
7.5624
6.6756
5.8777
5.1621
4.5220
3.9512
3.4436
2.9937
2.5958
2.2451
1.9369
1.6667
