-3.61751
4.03372
-8.92066
1.97271
-12.7032
-6.8384
-10.3629
6.51519
-1.08036
1.84389
-7.50145
5.35585
5.9415
-6.90949
11.2046
-6.31882
0.962028
0.0646411
-5.74918
0.0571565
-10.9931
1.78529
-1.96459
10.3758
-1.76733
-1.18818
-0.0327204
-0.0329499
-6.97281
5.42532
-0.342044
-0.923854
4.26019
-7.28081
-0.645358
9.9516
4.49649
8.74816
12.4404
0.496606
-2.91997
15.2718
8.44384
1.61879
-4.0651
1.0599
7.88656
5.04203
4.46958
-5.77381
5.84551
3.79544
6.62271
7.18825
-1.86795
4.66609
-7.18051
2.9756
-2.66236
0.72385
-14.505
-4.35181
6.6508
7.77476
3.27368
-9.10273
3.24085
-0.380388
-1.5012
2.39773
10.2009
4.62281
0.718462
-5.72044
-2.13976
4.52117
3.96675
-2.692
-2.68653
-3.23887
-2.68677
0.329627
3.09772
-0.33413
-0.884803
0.221965
-0.602422
-2.24582
-1.69329
-0.0456118
4.34746
4.88973
-1.16483
1.02954
2.12749
3.77517
4.32766
-7.76879
1.03423
3.84395
