-0.444127
-0.444052
-0.443926
-0.443749
-0.443522
-0.443244
-0.442917
-0.442538
-0.442109
-0.44163
-0.441101
-0.440521
-0.439892
-0.439211
-0.438481
-0.437701
-0.43687
-0.43599
-0.43506
-0.434079
-0.433049
-0.431969
-0.430839
-0.42966
-0.428431
-0.427153
-0.425825
-0.424448
-0.423022
-0.421546
-0.420022
-0.418448
-0.416825
-0.415155
-0.413435
-0.411667
-0.409851
-0.407986
-0.406073
-0.404112
-0.402102
-0.400045
-0.39794
-0.395788
-0.393588
-0.391341
-0.389048
-0.386707
-0.384319
-0.381885
-0.379404
-0.376876
-0.374303
-0.371683
-0.369017
-0.366306
-0.363548
-0.360746
-0.357898
-0.355006
-0.352069
-0.349087
-0.346061
-0.342991
-0.339876
-0.336718
-0.333516
-0.33027
-0.326981
-0.323649
-0.320274
-0.316857
-0.313397
-0.309894
-0.30635
-0.302765
-0.299138
-0.29547
-0.291761
-0.288011
-0.284221
-0.28039
-0.276519
-0.272608
-0.268658
-0.264668
-0.260639
-0.256571
-0.252456
-0.2483
-0.244105
-0.239873
-0.235603
-0.231296
-0.22696
-0.222604
-0.218211
-0.213782
-0.209317
-0.204816
-0.20028
-0.195709
-0.191104
-0.186464
-0.181789
-0.177081
-0.172339
-0.167564
-0.162756
-0.157916
-0.153043
-0.148139
-0.143202
-0.138235
-0.133237
-0.128208
-0.12315
-0.118061
-0.112942
-0.107794
-0.102618
-0.0974121
-0.0921782
-0.0869164
-0.0816269
-0.0763101
-0.0709664
-0.0655962
-0.0601997
-0.0547773
-0.0493204
-0.043831
-0.0383168
-0.0327781
-0.0272152
-0.0216286
-0.0160193
-0.0104181
-0.00479474
0.000850927
0.0065185
0.0122076
0.0179179
0.0236489
0.0294003
0.0351717
0.0409627
0.046773
0.052602
0.0584495
0.0643151
0.0701983
0.0760988
0.0820161
0.0879499
0.0938997
0.0998652
0.105846
0.111841
0.117851
0.123875
0.129913
0.135964
0.142034
0.148129
0.154236
0.160355
0.166484
0.172624
0.178774
0.184934
0.191104
0.197256
0.203408
0.209568
0.215737
0.221913
0.228095
0.234284
0.24048
0.246681
0.252887
0.259098
0.265313
0.271533
0.277755
0.283981
0.29021
0.29644
0.302673
0.308906
0.315141
0.321379
0.327635
0.333891
0.340146
0.346399
0.35265
0.3589
0.365147
0.37139
0.37763
0.383867
0.390098
0.396323
0.402509
0.408688
0.414861
0.421028
0.427187
0.433339
0.439483
0.445618
0.451745
0.457862
0.463969
0.470066
0.476153
0.482228
0.488296
0.494369
0.500431
0.506479
0.512514
0.518535
0.524542
0.530534
0.536511
0.542472
0.548418
0.554346
0.560258
0.566153
0.572029
0.577887
0.583727
0.589547
0.595334
0.60108
0.606805
0.612509
0.618191
0.623852
0.62949
0.635106
0.640704
0.646296
0.651863
0.657406
0.662924
0.668416
0.673883
0.679324
0.684737
0.690124
0.695483
0.700815
0.706117
0.711391
0.716636
0.721851
0.727036
0.73219
0.737314
0.742406
0.747466
0.752494
0.757489
0.762451
0.76738
0.772275
0.777152
0.781993
0.786775
0.791521
0.796232
0.800906
0.805543
0.810143
0.814705
0.81923
0.823716
0.828163
0.832571
0.836939
0.841268
0.845556
0.849803
0.854009
0.858174
0.862296
0.866377
0.870414
0.874409
0.87836
0.882267
0.88613
0.889969
0.893765
0.897515
0.901219
0.904877
0.908489
0.912054
0.915572
0.919043
0.922465
0.925839
0.929165
0.932442
0.93567
0.938848
0.941976
0.945053
0.94808
0.951053
0.953955
0.956806
0.959605
0.962352
0.965046
0.967687
0.970275
0.972811
0.975312
0.977759
0.980152
0.98249
0.984773
0.987
0.989172
0.991287
0.993347
0.99535
0.997296
0.999185
1.00102
1.00279
1.00451
1.00616
1.00776
1.0093
1.01079
1.01221
1.01357
1.01487
1.01612
1.0173
1.01842
1.01948
1.02048
1.02142
1.0223
1.02314
1.02391
1.02462
1.02527
1.02586
1.02638
1.02684
1.02724
1.02757
1.02784
1.02805
1.02819
1.02827
1.02828
1.02823
1.02811
1.02793
1.02769
1.02737
1.027
1.02656
1.02605
1.02548
1.02484
1.02413
1.02336
1.02252
1.02161
1.02064
1.0196
1.0185
1.01733
1.01609
1.01479
1.01343
1.01201
1.01051
1.00895
1.00732
1.00562
1.00385
1.00202
1.00012
0.998145
0.996106
0.993998
0.991821
0.989576
0.987262
0.98488
0.982429
0.979908
0.97732
0.974662
0.971935
0.969139
0.966275
0.963341
0.960338
0.957267
0.954126
0.950916
0.947638
0.94429
0.940873
0.937387
0.933832
0.930209
0.926516
0.922754
0.918924
0.915024
0.911056
0.907019
0.902913
0.898738
0.894498
0.890196
0.885826
0.881388
0.87688
0.872305
0.867661
0.862948
0.858168
0.853319
0.848403
0.843418
0.838366
0.833246
0.828058
0.822803
0.817481
0.812091
0.806634
0.801111
0.79552
0.789863
0.784139
0.778349
0.772492
0.76657
0.760581
0.754527
0.748407
0.742221
0.735971
0.729655
0.723274
0.716829
0.710319
0.703745
0.697106
0.690404
0.683638
0.676808
0.669916
0.66296
0.655941
0.64886
0.641716
0.63451
0.627242
0.619912
0.612521
0.605069
0.597556
0.589983
0.582348
0.574654
0.5669
0.559086
0.551213
0.543281
0.53529
0.527241
0.519134
0.510968
0.502745
0.494465
0.486128
0.477735
0.469284
0.460778
0.452217
0.4436
0.434927
0.426201
0.417419
0.408584
0.399695
0.390753
0.381758
0.37271
0.36361
0.354459
0.345255
0.336001
0.326695
0.31734
0.307934
0.298478
0.288974
0.27942
0.269818
0.260168
0.250471
0.240726
0.230934
0.221096
0.211212
0.201282
0.191307
0.181287
0.171223
0.161115
0.150964
0.140769
0.130532
0.120253
0.109932
0.0995699
0.0891669
0.0787236
0.0682404
0.0577178
0.0471563
0.0365562
0.0259182
0.0152426
0.0045299
-0.00621935
-0.0170047
-0.0278257
-0.0386818
-0.0495725
-0.0604974
-0.071456
-0.0824477
-0.093472
-0.104529
-0.115617
-0.126736
-0.137886
-0.149066
-0.160275
-0.171514
-0.182781
-0.194076
-0.205399
-0.216749
-0.228125
-0.239527
-0.250954
-0.262406
-0.273882
-0.285383
-0.296906
-0.308452
-0.32002
-0.331609
-0.34322
-0.354851
-0.366502
-0.378172
-0.389856
-0.401552
-0.413266
-0.424997
-0.436744
-0.448508
-0.460286
-0.472079
-0.483886
-0.495706
-0.507539
-0.519385
-0.531242
-0.543111
-0.55499
-0.566879
-0.578777
-0.590684
-0.602599
-0.614522
-0.626452
-0.638388
-0.65033
-0.662277
-0.674229
-0.686185
-0.698144
-0.710106
-0.72207
-0.734035
-0.746002
-0.757969
-0.769936
-0.781901
-0.793866
-0.805828
-0.817787
-0.829743
-0.841695
-0.853643
-0.865585
-0.877522
-0.889452
-0.901375
-0.913275
-0.925167
-0.937049
-0.948922
-0.960784
-0.972635
-0.984475
-0.996303
-1.00812
-1.01992
-1.03171
-1.04348
-1.05524
-1.06698
-1.0787
-1.09041
-1.1021
-1.11377
-1.12543
-1.13706
-1.14867
-1.16027
-1.17184
-1.18338
-1.19491
-1.20641
-1.21789
-1.22934
-1.24077
-1.25217
-1.26355
-1.2749
-1.28622
-1.29749
-1.30874
-1.31995
-1.33114
-1.34229
-1.35341
-1.3645
-1.37555
-1.38658
-1.39757
-1.40852
-1.41944
-1.43032
-1.44116
-1.45197
-1.46274
-1.47348
-1.48417
-1.49482
-1.50544
-1.51601
-1.52654
-1.53703
-1.54747
-1.55788
-1.56823
-1.57855
-1.58882
-1.59904
-1.6092
-1.61931
-1.62937
-1.63939
-1.64935
-1.65927
-1.66913
-1.67895
-1.68871
-1.69842
-1.70808
-1.71769
-1.72724
-1.73674
-1.74619
-1.75558
-1.76491
-1.77419
-1.78341
-1.79257
-1.80168
-1.81072
-1.81971
-1.82864
-1.83751
-1.84631
-1.85506
-1.86372
-1.87232
-1.88086
-1.88933
-1.89774
-1.90608
-1.91436
-1.92257
-1.93072
-1.9388
-1.94681
-1.95476
-1.96263
-1.97044
-1.97818
-1.98585
-1.99344
-2.00097
-2.00842
-2.01581
-2.02312
-2.03036
-2.03752
-2.04461
-2.05163
-2.05857
-2.06541
-2.07218
-2.07887
-2.08548
-2.09202
-2.09848
-2.10486
-2.11116
-2.11739
-2.12353
-2.12959
-2.13558
-2.14148
-2.1473
-2.15304
-2.15869
-2.16427
-2.16976
-2.17517
-2.18049
-2.18573
-2.19088
-2.19595
-2.20094
-2.20583
-2.21063
-2.21533
-2.21995
-2.22448
-2.22891
-2.23326
-2.23753
-2.2417
-2.24578
-2.24978
-2.25368
-2.25749
-2.26121
-2.26484
-2.26838
-2.27183
-2.27518
-2.27844
-2.28161
-2.28469
-2.28767
-2.29056
-2.29335
-2.29605
-2.29866
-2.30116
-2.30357
-2.30586
-2.30806
-2.31016
-2.31217
-2.31408
-2.31589
-2.31761
-2.31922
-2.32074
-2.32216
-2.32349
-2.32471
-2.32584
-2.32686
-2.32779
-2.32861
-2.32934
-2.32997
-2.33049
-2.33092
-2.33124
-2.33147
-2.33159
-2.33161
-2.33153
-2.33135
-2.33105
-2.33064
-2.33013
-2.32952
-2.32881
-2.32799
-2.32707
-2.32604
-2.32492
-2.32369
-2.32235
-2.32092
-2.31937
-2.31773
-2.31598
-2.31413
-2.31217
-2.31011
-2.30794
-2.30567
-2.3033
-2.30082
-2.29823
-2.29554
-2.29275
-2.28985
-2.28684
-2.28373
-2.28052
-2.27719
-2.27374
-2.27019
-2.26654
-2.26278
-2.25891
-2.25494
-2.25086
-2.24668
-2.24239
-2.238
-2.2335
-2.2289
-2.22419
-2.21937
-2.21445
-2.20943
-2.2043
-2.19906
-2.19372
-2.18828
-2.18272
-2.17707
-2.17131
-2.16544
-2.15947
-2.15339
-2.14721
-2.14093
-2.13454
-2.12805
-2.12145
-2.11475
-2.10794
-2.10101
-2.09398
-2.08685
-2.07961
-2.07227
-2.06483
-2.05728
-2.04963
-2.04188
-2.03402
-2.02607
-2.01801
-2.00984
-2.00158
-1.99322
-1.98475
-1.97618
-1.96751
-1.95874
-1.94987
-1.9409
-1.93183
-1.92265
-1.91338
-1.90401
-1.89454
-1.88497
-1.8753
-1.86554
-1.85567
-1.84571
-1.83565
-1.82549
-1.81523
-1.80488
-1.79443
-1.78388
-1.77324
-1.7625
-1.75167
-1.74074
-1.72971
-1.71858
-1.70736
-1.69604
-1.68463
-1.67312
-1.66153
-1.64984
-1.63805
-1.62618
-1.61421
-1.60216
-1.59001
-1.57777
-1.56545
-1.55303
-1.54052
-1.52793
-1.51525
-1.50248
-1.48962
-1.47667
-1.46364
-1.45052
-1.43732
-1.42403
-1.41065
-1.39719
-1.38365
-1.37002
-1.35631
-1.34252
-1.32864
-1.31469
-1.30065
-1.28653
-1.27233
-1.25805
-1.24369
-1.22925
-1.21473
-1.20014
-1.18547
-1.17072
-1.15589
-1.14099
-1.12601
-1.11096
-1.09583
-1.08063
-1.06536
-1.05001
-1.03459
-1.0191
-1.00354
-0.987908
-0.972206
-0.956434
-0.940593
-0.924684
-0.908707
-0.892663
-0.876552
-0.860375
-0.844132
-0.827825
-0.811454
-0.795019
-0.77852
-0.76196
-0.745337
-0.728653
-0.711909
-0.695104
-0.67824
-0.661318
-0.644337
-0.627299
-0.610204
-0.593053
-0.575846
-0.558584
-0.541268
-0.523899
-0.506476
-0.489001
-0.471475
-0.453897
-0.43627
-0.418592
-0.400866
-0.383091
-0.365269
-0.3474
-0.329485
-0.311525
-0.293519
-0.27547
-0.257377
-0.239241
-0.221063
-0.202844
-0.184585
-0.166285
-0.147947
-0.12957
-0.111155
-0.0927036
-0.0742158
-0.0556925
-0.0371344
-0.0185423
8.31231e-05
0.0187411
0.0374308
0.0561516
0.0749027
0.0936833
0.112493
0.13133
0.150195
0.169086
0.188003
0.206945
0.225911
0.244901
0.263913
0.282947
0.302003
0.321078
0.340173
0.359287
0.378419
0.397568
0.416734
0.435915
0.455111
0.474321
0.493544
0.51278
0.532027
0.551285
0.570553
0.589831
0.609116
0.62841
0.64771
0.667016
0.686327
0.705643
0.724962
0.744284
0.763607
0.782932
0.802257
0.821582
0.840905
0.860225
0.879543
0.898857
0.918166
0.93747
0.956767
0.976057
0.99534
1.01461
1.03388
1.05313
1.07237
1.0916
1.11082
1.13002
1.14921
1.16838
1.18753
1.20667
1.22579
1.2449
1.26399
1.28307
1.30212
1.32115
1.34015
1.35914
1.37809
1.39703
1.41593
1.43481
1.45366
1.47248
1.49127
1.51003
1.52876
1.54746
1.56612
1.58475
1.60335
1.62191
1.64043
1.65891
1.67736
1.69577
1.71414
1.73246
1.75075
1.76899
1.78719
1.80535
1.82346
1.84152
1.85954
1.87751
1.89543
1.9133
1.93112
1.94889
1.96661
1.98428
2.0019
2.01946
2.03698
2.05444
2.07185
2.0892
2.10649
2.12373
2.1409
2.15801
2.17506
2.19205
2.20898
2.22584
2.24263
2.25936
2.27603
2.29262
2.30915
2.32561
2.342
2.35832
2.37457
2.39074
2.40685
2.42287
2.43883
2.45471
2.47051
2.48624
2.50188
2.51745
2.53294
2.54835
2.56368
2.57895
2.59413
2.60923
2.62425
2.63918
2.65403
2.66879
2.68346
2.69805
2.71254
2.72695
2.74127
2.75549
2.76963
2.78367
2.79762
2.81148
2.82523
2.83885
2.85237
2.86575
2.87903
2.89221
2.90529
2.91827
2.93115
2.94393
2.95661
2.96919
2.98168
2.99403
3.00627
3.01836
3.03034
3.04222
3.05399
3.06565
3.0772
3.08864
3.09997
3.11119
3.1223
3.13328
3.14412
3.15483
3.1654
3.17585
3.18619
3.19641
3.20652
3.21651
3.22638
3.23614
3.24577
3.25529
3.26466
3.27391
3.28303
3.292
3.30085
3.30957
3.31817
3.32664
3.33499
3.34322
3.35132
3.3593
3.36714
3.37486
3.38242
3.38984
3.39711
3.40423
3.41123
3.41809
3.42482
3.43142
3.43789
3.44423
3.45044
3.45651
3.46245
3.46828
3.47394
3.47946
3.48484
3.49005
3.49512
3.50006
3.50485
3.50951
3.51404
3.51842
3.52267
3.52677
3.53074
3.53457
3.53825
3.54179
3.54516
3.54838
3.55145
3.55436
3.55712
3.55974
3.56222
3.56456
3.56676
3.56883
3.57075
3.57253
3.57417
3.57566
3.577
3.5782
3.57924
3.58011
3.58084
3.58141
3.58181
3.58206
3.58217
3.58212
3.58193
3.58159
3.5811
3.58046
3.57967
3.57873
3.57765
3.57641
3.57502
3.57349
3.57181
3.57
3.56801
3.56587
3.56357
3.56113
3.5585
3.55573
3.5528
3.54972
3.54649
3.54311
3.53957
3.53589
3.53205
3.52806
3.52392
3.51962
3.51517
3.51058
3.50582
3.50092
3.49586
3.49065
3.48529
3.47977
3.47411
3.46828
3.46231
3.45618
3.44991
3.44347
3.43687
3.43012
3.42321
3.41615
3.40894
3.40158
3.39406
3.38639
3.37857
3.3706
3.36248
3.35421
3.34578
3.3372
3.32847
3.31959
3.31056
3.30138
3.29205
3.28256
3.27293
3.26315
3.25321
3.24313
3.23291
3.22254
3.21203
3.20137
3.19056
3.1796
3.16849
3.15723
3.14583
3.13427
3.12257
3.11073
3.09873
3.08659
3.0743
3.06186
3.04927
3.03654
3.02367
3.01065
2.99748
2.98417
2.97072
2.95713
2.94339
2.92951
2.91548
2.90132
2.88701
2.87256
2.85797
2.84325
2.82838
2.81338
2.79824
2.78297
2.76757
2.75202
2.73634
2.72051
2.70456
2.68846
2.67224
2.65587
2.63937
2.62274
2.60598
2.58908
2.57204
2.55488
2.53759
2.52016
2.50261
2.48492
2.4671
2.44916
2.43109
2.41289
2.39456
2.37611
2.35753
2.33883
2.32
2.30105
2.28197
2.26277
2.24345
2.22401
2.20445
2.18476
2.16496
2.14504
2.125
2.10484
2.08457
2.06418
2.04367
2.02306
2.00233
1.9815
1.96054
1.93948
1.91831
1.89702
1.87563
1.85412
1.83251
1.81079
1.78897
1.76703
1.745
1.72285
1.70061
1.67826
1.65581
1.63325
1.6106
1.58785
1.565
1.54205
1.519
1.49585
1.47262
1.44928
1.42585
1.40233
1.37872
1.35501
1.33122
1.30733
1.28336
1.2593
1.23515
1.21092
1.1866
1.16219
1.1377
1.11314
1.08848
1.06375
1.03894
1.01405
0.989083
0.964038
0.938917
0.913721
0.888452
0.863109
0.837694
0.812208
0.786652
0.761027
0.735333
0.709573
0.683746
0.657854
0.631897
0.605878
0.579796
0.553653
0.52745
0.501188
0.474867
0.44849
0.422056
0.395567
0.369024
0.342428
0.315781
0.289082
0.262334
0.235536
0.208691
0.1818
0.154862
0.12788
0.100855
0.0737872
0.0466782
0.0195288
-0.00765965
-0.0348862
-0.0621498
-0.0894492
-0.116783
-0.144151
-0.171552
-0.198984
-0.226447
-0.253938
-0.281458
-0.309005
-0.336578
-0.364176
-0.391797
-0.419441
-0.447107
-0.474793
-0.502498
-0.530221
-0.557961
-0.585717
-0.613487
-0.641271
-0.669068
-0.696875
-0.724693
-0.75252
-0.780354
-0.808195
-0.836042
-0.863893
-0.891747
-0.919603
-0.94746
-0.975316
-1.00317
-1.03102
-1.05887
-1.08672
-1.11455
-1.14238
-1.17021
-1.19802
-1.22582
-1.25361
-1.28139
-1.30915
-1.33689
-1.36462
-1.39234
-1.42003
-1.4477
-1.47535
-1.50298
-1.53059
-1.55817
-1.58572
-1.61325
-1.64075
-1.66822
-1.69566
-1.72306
-1.75043
-1.77777
-1.80507
-1.83233
-1.85955
-1.88673
-1.91386
-1.94096
-1.96802
-1.99503
-2.02199
-2.04891
-2.07578
-2.10261
-2.12938
-2.1561
-2.18277
-2.20939
-2.23595
-2.26246
-2.28891
-2.31531
-2.34164
-2.36791
-2.39413
-2.42028
-2.44636
-2.47238
-2.49834
-2.52423
-2.55005
-2.5758
-2.60148
-2.62709
-2.65262
-2.67808
-2.70347
-2.72878
-2.75401
-2.77916
-2.80424
-2.82923
-2.85414
-2.87897
-2.90372
-2.92837
-2.95293
-2.9774
-3.00178
-3.02607
-3.05027
-3.07438
-3.0984
-3.12232
-3.14614
-3.16987
-3.1935
-3.21703
-3.24046
-3.2638
-3.28702
-3.31015
-3.33317
-3.35609
-3.3789
-3.40161
-3.4242
-3.44669
-3.46907
-3.49133
-3.51348
-3.53552
-3.55745
-3.57926
-3.60095
-3.62252
-3.64398
-3.66532
-3.68653
-3.70762
-3.72857
-3.7494
-3.7701
-3.79068
-3.81114
-3.83146
-3.85166
-3.87172
-3.89166
-3.91146
-3.93113
-3.95067
-3.97008
-3.98934
-4.00848
-4.02747
-4.04633
-4.06505
-4.08363
-4.10206
-4.12036
-4.13851
-4.15652
-4.17438
-4.1921
-4.20968
-4.2271
-4.24438
-4.2615
-4.27846
-4.29526
-4.31192
-4.32843
-4.34478
-4.36097
-4.37702
-4.3929
-4.40863
-4.4242
-4.43962
-4.45488
-4.46997
-4.48491
-4.49968
-4.51429
-4.52874
-4.54303
-4.55715
-4.57111
-4.5849
-4.59853
-4.61198
-4.62527
-4.63839
-4.65135
-4.66411
-4.6767
-4.68912
-4.70136
-4.71344
-4.72534
-4.73706
-4.74861
-4.75998
-4.77118
-4.7822
-4.79305
-4.80371
-4.8142
-4.82451
-4.83463
-4.84458
-4.85435
-4.86393
-4.87334
-4.88255
-4.89159
-4.90044
-4.90911
-4.91759
-4.92589
-4.93399
-4.94189
-4.9496
-4.95713
-4.96447
-4.97162
-4.97858
-4.98536
-4.99194
-4.99833
-5.00453
-5.01054
-5.01636
-5.02199
-5.02742
-5.03266
-5.03771
-5.04256
-5.04722
-5.05168
-5.05595
-5.06002
-5.0639
-5.06758
-5.07107
-5.07435
-5.07742
-5.08029
-5.08297
-5.08544
-5.08772
-5.0898
-5.09168
-5.09336
-5.09484
-5.09613
-5.09721
-5.09809
-5.09877
-5.09925
-5.09953
-5.09961
-5.09949
-5.09917
-5.09864
-5.09792
-5.09699
-5.09586
-5.09453
-5.09299
-5.09125
-5.0893
-5.08714
-5.08477
-5.0822
-5.07943
-5.07645
-5.07327
-5.06988
-5.0663
-5.06251
-5.05851
-5.05432
-5.04991
-5.04531
-5.0405
-5.03549
-5.03028
-5.02486
-5.01924
-5.01341
-5.00738
-5.00115
-4.99472
-4.98808
-4.98123
-4.97419
-4.96694
-4.95948
-4.95181
-4.94393
-4.93585
-4.92757
-4.91909
-4.9104
-4.90151
-4.89242
-4.88313
-4.87364
-4.86394
-4.85405
-4.84395
-4.83365
-4.82316
-4.81246
-4.80156
-4.79047
-4.77917
-4.76767
-4.75598
-4.74409
-4.73199
-4.71971
-4.70722
-4.69453
-4.68165
-4.66857
-4.6553
-4.64181
-4.62812
-4.61424
-4.60017
-4.5859
-4.57143
-4.55677
-4.54192
-4.52688
-4.51164
-4.49621
-4.48059
-4.46478
-4.44878
-4.43259
-4.4162
-4.39963
-4.38287
-4.36592
-4.34879
-4.33146
-4.31395
-4.29626
-4.27837
-4.2603
-4.24205
-4.22362
-4.205
-4.18619
-4.16721
-4.14804
-4.12869
-4.10916
-4.08943
-4.06953
-4.04945
-4.02918
-4.00875
-3.98813
-3.96734
-3.94637
-3.92523
-3.90391
-3.88242
-3.86076
-3.83893
-3.81692
-3.79475
-3.7724
-3.74988
-3.7272
-3.70435
-3.68133
-3.65815
-3.6348
-3.61129
-3.58761
-3.56377
-3.53976
-3.5156
-3.49128
-3.46679
-3.44215
-3.41735
-3.39239
-3.36727
-3.342
-3.31658
-3.291
-3.26526
-3.23938
-3.21334
-3.18716
-3.16082
-3.13434
-3.1077
-3.08091
-3.05397
-3.02689
-2.99967
-2.9723
-2.9448
-2.91715
-2.88936
-2.86143
-2.83336
-2.80516
-2.77682
-2.74835
-2.71974
-2.691
-2.66213
-2.63312
-2.60399
-2.57473
-2.54534
-2.51582
-2.48618
-2.45641
-2.42652
-2.39651
-2.36637
-2.33612
-2.30574
-2.27525
-2.24464
-2.21391
-2.18307
-2.15212
-2.12105
-2.08987
-2.05858
-2.02718
-1.99568
-1.96406
-1.93234
-1.90052
-1.86859
-1.83656
-1.80443
-1.7722
-1.73987
-1.70744
-1.67492
-1.6423
-1.60959
-1.57678
-1.54388
-1.5109
-1.47782
-1.44465
-1.4114
-1.37807
-1.34464
-1.31114
-1.27755
-1.24389
-1.21014
-1.17632
-1.14242
-1.10844
-1.07439
-1.04027
-1.00607
-0.971809
-0.937475
-0.903073
-0.868605
-0.834072
-0.799475
-0.764815
-0.730094
-0.695314
-0.660474
-0.625578
-0.590625
-0.555618
-0.520557
-0.485445
-0.450282
-0.415069
-0.379809
-0.344502
-0.30915
-0.273754
-0.238315
-0.202836
-0.167316
-0.131758
-0.0961634
-0.0605328
-0.0248678
0.0108302
0.0465597
0.0823193
0.118108
0.153924
0.189766
0.225632
0.261522
0.297434
0.333366
0.369317
0.405286
0.441271
0.477271
0.513284
0.54931
0.585346
0.621391
0.657444
0.693504
0.729568
0.765636
0.801706
0.837777
0.873847
0.909915
0.94598
0.982039
1.01809
1.05414
1.09017
1.1262
1.16221
1.19821
1.2342
1.27016
1.30611
1.34204
1.37795
1.41384
1.44971
1.48555
1.52136
1.55714
1.5929
1.62862
1.66432
1.69998
1.7356
1.77119
1.80674
1.84224
1.87771
1.91314
1.94852
1.98386
2.01915
2.05439
2.08959
2.12473
2.15982
2.19486
2.22984
2.26476
2.29963
2.33444
2.36918
2.40387
2.43849
2.47304
2.50753
2.54195
2.5763
2.61058
2.64478
2.67892
2.71298
2.74696
2.78086
2.81469
2.84844
2.88211
2.9157
2.94921
2.98263
3.01596
3.0492
3.08235
3.11541
3.14837
3.18124
3.21402
3.24669
3.27927
3.31175
3.34413
3.3764
3.40857
3.44063
3.47259
3.50443
3.53617
3.5678
3.59931
3.63071
3.662
3.69316
3.72422
3.75515
3.78596
3.81664
3.84721
3.87765
3.90796
3.93815
3.96821
3.99814
4.02794
4.0576
4.08713
4.11653
4.14579
4.17493
4.20393
4.23278
4.2615
4.29008
4.31851
4.3468
4.37494
4.40293
4.43077
4.45846
4.486
4.51339
4.54063
4.56771
4.59463
4.62139
4.648
4.67445
4.70073
4.72686
4.75282
4.77861
4.80424
4.8297
4.85499
4.88012
4.90507
4.92985
4.95446
4.97889
5.00315
5.02724
5.05116
5.0749
5.09847
5.12185
5.14506
5.16808
5.19091
5.21357
5.23603
5.25831
5.2804
5.3023
5.32401
5.34553
5.36685
5.38799
5.40892
5.42967
5.45021
5.47056
5.49071
5.51066
5.53041
5.54996
5.5693
5.58844
5.60738
5.62611
5.64464
5.66297
5.6811
5.69902
5.71673
5.73423
5.75152
5.7686
5.78546
5.80211
5.81854
5.83474
5.85068
5.8664
5.8819
5.89718
5.91222
5.927
5.94155
5.95588
5.96999
5.98383
5.99742
6.01079
6.02394
6.03685
6.0495
6.0619
6.07408
6.08604
6.09777
6.10922
6.12042
6.1314
6.14214
6.15264
6.16288
6.17285
6.1826
6.1921
6.20137
6.21035
6.21908
6.22758
6.23583
6.24384
6.2516
6.25908
6.26631
6.2733
6.28005
6.28654
6.29275
6.29871
6.30444
6.30993
6.31518
6.32017
6.32487
6.32932
6.33353
6.33748
6.34119
6.34461
6.34777
6.35068
6.35334
6.35575
6.35791
6.35979
6.3614
6.36275
6.36386
6.36471
6.36531
6.36561
6.36566
6.36545
6.36499
6.36428
6.36333
6.36213
6.36063
6.35888
6.35687
6.3546
6.35209
6.34931
6.34625
6.34292
6.33933
6.33549
6.3314
6.32705
6.32244
6.31757
6.31241
6.30699
6.30132
6.29539
6.28921
6.28277
6.27606
6.26907
6.26182
6.25432
6.24658
6.23859
6.23034
6.22183
6.21307
6.20404
6.19473
6.18516
6.17535
6.16527
6.15494
6.14436
6.13352
6.12242
6.11104
6.09941
6.08752
6.07538
6.06299
6.05034
6.03744
6.02429
6.01088
5.99723
5.98331
5.96912
5.95469
5.94002
5.9251
5.90994
5.89452
5.87885
5.86293
5.84677
5.83035
5.81367
5.79674
5.77956
5.76213
5.74446
5.72655
5.70839
5.68998
5.67133
5.65244
5.6333
5.61392
5.5943
5.57444
5.55434
5.534
5.51341
5.49258
5.4715
5.45019
5.42864
5.40688
5.38487
5.36263
5.34016
5.31745
5.29451
5.27134
5.24794
5.2243
5.20044
5.17634
5.15202
5.12746
5.10268
5.07768
5.05245
5.02699
5.0013
4.97539
4.94925
4.9229
4.89632
4.86953
4.84251
4.81528
4.78783
4.76016
4.73228
4.70418
4.67587
4.64735
4.61862
4.58967
4.56053
4.53118
4.50163
4.47186
4.4419
4.41172
4.38134
4.35076
4.31998
4.289
4.25782
4.22644
4.19486
4.16308
4.13111
4.09895
4.06659
4.03404
4.0013
3.96838
3.93526
3.90195
3.86846
3.83478
3.80092
3.76688
3.73266
3.69825
3.66367
3.62891
3.59397
3.55886
3.52357
3.48811
3.45248
3.41668
3.38071
3.34457
3.30826
3.27179
3.23516
3.19837
3.16141
3.12429
3.08703
3.04961
3.01203
2.9743
2.93642
2.89838
2.8602
2.82186
2.78338
2.74475
2.70598
2.66706
2.62801
2.58881
2.54947
2.51
2.47039
2.43065
2.39077
2.35076
2.31063
2.27036
2.22997
2.18945
2.14881
2.10804
2.06716
2.02615
1.98503
1.94379
1.90244
1.86098
1.8194
1.77771
1.73592
1.69402
1.65201
1.6099
1.56769
1.52538
1.48297
1.44046
1.39786
1.35516
1.31237
1.26949
1.22653
1.18347
1.14033
1.09711
1.0538
1.01041
0.966947
0.923404
0.879786
0.836094
0.79233
0.748496
0.704593
0.660623
0.616588
0.572489
0.528329
0.484109
0.43983
0.395495
0.351105
0.306662
0.262168
0.217624
0.173032
0.128394
0.0837118
0.038987
-0.00577857
-0.0505832
-0.0954251
-0.140302
-0.185214
-0.230157
-0.27513
-0.320131
-0.36516
-0.410212
-0.455288
-0.500386
-0.545502
-0.590636
-0.635786
-0.68095
-0.726126
-0.771313
-0.816508
-0.86171
-0.906917
-0.952127
-0.997338
-1.04255
-1.08776
-1.13296
-1.17816
-1.22335
-1.26853
-1.3137
-1.35886
-1.404
-1.44912
-1.49423
-1.53932
-1.58438
-1.62942
-1.67443
-1.71942
-1.76437
-1.80929
-1.85418
-1.89904
-1.94386
-1.98864
-2.03338
-2.07807
-2.12272
-2.16733
-2.21189
-2.2564
-2.30085
-2.34526
-2.3896
-2.43389
-2.47813
-2.5223
-2.5664
-2.61045
-2.65443
-2.69834
-2.74218
-2.78595
-2.82964
-2.87326
-2.9168
-2.96027
-3.00365
-3.04695
-3.09017
-3.1333
-3.17634
-3.21929
-3.26215
-3.30491
-3.34757
-3.39014
-3.4326
-3.47497
-3.51723
-3.5594
-3.60145
-3.6434
-3.68524
-3.72696
-3.76858
-3.81008
-3.85146
-3.89273
-3.93387
-3.97489
-4.0158
-4.05657
-4.09722
-4.13774
-4.17813
-4.21839
-4.25852
-4.29851
-4.33836
-4.37807
-4.41765
-4.45708
-4.49637
-4.53551
-4.57451
-4.61336
-4.65205
-4.6906
-4.72899
-4.76723
-4.80531
-4.84323
-4.88099
-4.91859
-4.95602
-4.99329
-5.03038
-5.0673
-5.10405
-5.14063
-5.17703
-5.21327
-5.24932
-5.2852
-5.32089
-5.35641
-5.39174
-5.42689
-5.46186
-5.49663
-5.53122
-5.56562
-5.59983
-5.63384
-5.66766
-5.70128
-5.73471
-5.76793
-5.80096
-5.83378
-5.86641
-5.89882
-5.93103
-5.96303
-5.99483
-6.02641
-6.05778
-6.08894
-6.11988
-6.1506
-6.18109
-6.21136
-6.24141
-6.27124
-6.30085
-6.33023
-6.35939
-6.38832
-6.41702
-6.44549
-6.47373
-6.50174
-6.52952
-6.55706
-6.58437
-6.61144
-6.63827
-6.66486
-6.69121
-6.71732
-6.74319
-6.76881
-6.79419
-6.81932
-6.8442
-6.86883
-6.89321
-6.91734
-6.94121
-6.96482
-6.98817
-7.01126
-7.0341
-7.05668
-7.079
-7.10106
-7.12286
-7.1444
-7.16567
-7.18668
-7.20743
-7.22791
-7.24812
-7.26807
-7.28774
-7.30715
-7.32628
-7.34514
-7.36373
-7.38205
-7.40009
-7.41785
-7.43534
-7.45255
-7.46949
-7.48613
-7.50248
-7.51856
-7.53435
-7.54986
-7.56508
-7.58002
-7.59468
-7.60905
-7.62314
-7.63694
-7.65045
-7.66367
-7.6766
-7.68925
-7.7016
-7.71366
-7.72544
-7.73691
-7.7481
-7.75899
-7.76959
-7.77989
-7.7899
-7.79961
-7.80902
-7.81813
-7.82692
-7.83542
-7.84362
-7.85152
-7.85913
-7.86643
-7.87343
-7.88012
-7.88652
-7.89262
-7.89841
-7.9039
-7.90909
-7.91397
-7.91855
-7.92282
-7.92679
-7.93045
-7.93381
-7.93687
-7.93961
-7.94205
-7.94418
-7.94601
-7.94753
-7.94872
-7.9496
-7.95017
-7.95044
-7.95039
-7.95004
-7.94938
-7.94841
-7.94713
-7.94554
-7.94365
-7.94144
-7.93892
-7.9361
-7.93296
-7.92952
-7.92576
-7.9217
-7.91732
-7.91264
-7.90764
-7.90234
-7.89673
-7.8908
-7.88457
-7.87802
-7.87114
-7.86396
-7.85646
-7.84866
-7.84055
-7.83213
-7.82339
-7.81435
-7.80501
-7.79535
-7.78538
-7.77511
-7.76453
-7.75364
-7.74244
-7.73094
-7.71913
-7.70701
-7.69459
-7.68186
-7.66883
-7.65549
-7.64184
-7.62789
-7.61364
-7.59908
-7.58422
-7.56903
-7.55354
-7.53775
-7.52166
-7.50527
-7.48857
-7.47158
-7.45428
-7.43669
-7.4188
-7.40061
-7.38212
-7.36333
-7.34425
-7.32487
-7.30519
-7.28522
-7.26496
-7.2444
-7.22355
-7.2024
-7.18097
-7.15924
-7.13722
-7.11492
-7.09232
-7.06943
-7.04626
-7.0228
-6.99904
-6.97499
-6.95065
-6.92603
-6.90113
-6.87595
-6.85048
-6.82473
-6.79871
-6.7724
-6.74582
-6.71896
-6.69182
-6.66441
-6.63673
-6.60877
-6.58053
-6.55203
-6.52325
-6.49421
-6.46489
-6.43531
-6.40546
-6.37535
-6.34497
-6.31433
-6.28342
-6.25225
-6.22082
-6.18914
-6.15719
-6.12499
-6.09253
-6.0598
-6.02681
-5.99357
-5.96008
-5.92634
-5.89235
-5.85811
-5.82363
-5.7889
-5.75392
-5.7187
-5.68324
-5.64754
-5.6116
-5.57541
-5.539
-5.50234
-5.46545
-5.42833
-5.39098
-5.35339
-5.31558
-5.27754
-5.23927
-5.20077
-5.16205
-5.12311
-5.08395
-5.04457
-5.00497
-4.96515
-4.92512
-4.88487
-4.84441
-4.80374
-4.76286
-4.72177
-4.68047
-4.63897
-4.59726
-4.55535
-4.51324
-4.47093
-4.42841
-4.38569
-4.34278
-4.29968
-4.25638
-4.2129
-4.16923
-4.12537
-4.08132
-4.03709
-3.99268
-3.94809
-3.90332
-3.85837
-3.81325
-3.76795
-3.72248
-3.67684
-3.63103
-3.58505
-3.53891
-3.4926
-3.44613
-3.3995
-3.35272
-3.30577
-3.25867
-3.21142
-3.16401
-3.11645
-3.06875
-3.0209
-2.9729
-2.92476
-2.87648
-2.82806
-2.7795
-2.73081
-2.68198
-2.63302
-2.58393
-2.53471
-2.48536
-2.43589
-2.3863
-2.33658
-2.28675
-2.23679
-2.18672
-2.13654
-2.08625
-2.03584
-1.98533
-1.93471
-1.88399
-1.83316
-1.78223
-1.7312
-1.68008
-1.62886
-1.57755
-1.52615
-1.47466
-1.42308
-1.37142
-1.31967
-1.26784
-1.21594
-1.16395
-1.11189
-1.05976
-1.00755
-0.955278
-0.902936
-0.850528
-0.798056
-0.745523
-0.692931
-0.64028
-0.587575
-0.534815
-0.482005
-0.429144
-0.376236
-0.323283
-0.270286
-0.217247
-0.16417
-0.111054
-0.0579037
-0.00471973
0.0484955
0.10174
0.155012
0.208309
0.261628
0.314969
0.36833
0.421707
0.475098
0.528503
0.581919
0.635343
0.688774
0.742209
0.795647
0.849086
0.902522
0.955955
1.00938
1.0628
1.11621
1.16961
1.22299
1.27636
1.32971
1.38304
1.43635
1.48963
1.54288
1.59611
1.64931
1.70247
1.7556
1.80869
1.86174
1.91475
1.96772
2.02065
2.07352
2.12635
2.17912
2.23185
2.28451
2.33712
2.38967
2.44215
2.49458
2.54693
2.59922
2.65144
2.70359
2.75566
2.80765
2.85957
2.91141
2.96316
3.01483
3.06641
3.11791
3.16931
3.22062
3.27183
3.32295
3.37397
3.42489
3.47571
3.52642
3.57702
3.62751
3.6779
3.72817
3.77832
3.82836
3.87828
3.92807
3.97775
4.02729
4.07671
4.12601
4.17517
4.22419
4.27308
4.32184
4.37045
4.41893
4.46727
4.51546
4.56351
4.61141
4.65916
4.70676
4.7542
4.80149
4.84862
4.89558
4.94238
4.98902
5.0355
5.0818
5.12793
5.17389
5.21968
5.26529
5.31073
5.35598
5.40105
5.44594
5.49064
5.53516
5.57949
5.62362
5.66756
5.71131
5.75486
5.79822
5.84137
5.88432
5.92707
5.96961
6.01195
6.05407
6.09599
6.13769
6.17918
6.22045
6.2615
6.30234
6.34296
6.38337
6.42355
6.4635
6.50323
6.54272
6.58199
6.62102
6.65982
6.69838
6.7367
6.77478
6.81262
6.85021
6.88757
6.92467
6.96153
6.99813
7.03449
7.07059
7.10644
7.14203
7.17737
7.21244
7.24726
7.28181
7.3161
7.35012
7.38388
7.41737
7.45058
7.48353
7.51621
7.54861
7.58076
7.61262
7.64421
7.67552
7.70654
7.73729
7.76775
7.79792
7.82781
7.8574
7.88671
7.91573
7.94446
7.97289
8.00095
8.0287
8.0561
8.08317
8.10994
8.13642
8.16258
8.18839
8.21386
8.23898
8.26376
8.28823
8.31238
8.33623
8.35973
8.38289
8.40571
8.42816
8.45029
8.4721
8.49359
8.51476
8.53553
8.55597
8.57603
8.59575
8.61515
8.63421
8.65295
8.67133
8.68933
8.70699
8.72425
8.74118
8.75778
8.77405
8.78998
8.80552
8.8207
8.83551
8.84994
8.86404
8.87781
8.89125
8.90434
8.91703
8.92937
8.94132
8.95289
8.96412
8.975
8.98554
8.99573
9.00553
9.01495
9.02401
9.03266
9.04096
9.04892
9.05652
9.06377
9.07066
9.07713
9.08326
9.08898
9.09432
9.09931
9.10396
9.10826
9.11221
9.11578
9.11895
9.12176
9.12417
9.1262
9.12787
9.12919
9.13014
9.13074
9.13098
9.13079
9.13025
9.12932
9.12799
9.1263
9.12426
9.12185
9.11908
9.11595
9.11245
9.10853
9.10426
9.0996
9.09455
9.08916
9.0834
9.07728
9.0708
9.06396
9.05676
9.04916
9.04117
9.03283
9.02408
9.01496
9.00547
8.99563
8.98542
8.97486
8.96393
8.95264
8.94099
8.92893
8.91651
8.90372
8.89053
8.87698
8.86308
8.84881
8.8342
8.81925
8.80393
8.78825
8.77222
8.75581
8.73902
8.72188
8.70436
8.68646
8.66821
8.6496
8.63064
8.61132
8.59166
8.57164
8.55127
8.53054
8.50947
8.48805
8.46624
8.44409
8.42158
8.39871
8.37548
8.35189
8.32797
8.30371
8.27911
8.25418
8.22889
8.20327
8.17731
8.151
8.12436
8.09738
8.07006
8.0424
8.01438
7.98602
7.95733
7.92831
7.89893
7.86921
7.83916
7.80879
7.77808
7.74705
7.71569
7.684
7.65199
7.61966
7.587
7.55403
7.52073
7.48711
7.45319
7.41896
7.38441
7.34954
7.31437
7.27888
7.24308
7.20696
7.17053
7.13379
7.09674
7.05938
7.02172
6.98376
6.9455
6.90692
6.86805
6.82888
6.78941
6.74964
6.70959
6.66924
6.6286
6.58767
6.54646
6.50495
6.46317
6.4211
6.37875
6.33611
6.2932
6.25002
6.20655
6.16282
6.11882
6.07456
6.03002
5.98522
5.94014
5.89481
5.84921
5.80335
5.75723
5.71085
5.66422
5.61733
5.57018
5.52279
5.47514
5.42725
5.37911
5.33072
5.2821
5.23323
5.18412
5.13478
5.08519
5.03538
4.98533
4.93506
4.88455
4.83382
4.78286
4.73168
4.68028
4.62866
4.57682
4.52477
4.4725
4.42003
4.36734
4.31444
4.26134
4.20804
4.15454
4.10083
4.04693
3.99283
3.93855
3.88408
3.82942
3.77457
3.71953
3.66431
3.60891
3.55334
3.49758
3.44165
3.38554
3.32927
3.27282
3.21621
3.15944
3.1025
3.0454
2.98815
2.93074
2.87317
2.81546
2.75759
2.69958
2.64142
2.58312
2.52468
2.4661
2.40739
2.34854
2.28956
2.23045
2.17122
2.11186
2.05238
1.99277
1.93305
1.87322
1.81327
1.75321
1.69305
1.63277
1.57239
1.51192
1.45134
1.39066
1.32989
1.26903
1.20808
1.14704
1.08592
1.02472
0.96343
0.902066
0.840627
0.779115
0.717532
0.655881
0.594164
0.532384
0.470543
0.408643
0.346687
0.284678
0.222617
0.160507
0.0983508
0.0361507
-0.0260909
-0.0883716
-0.150689
-0.21304
-0.275423
-0.337836
-0.400275
-0.462739
-0.525224
-0.587729
-0.65025
-0.712786
-0.775334
-0.837892
-0.900456
-0.963025
-1.0256
-1.08817
-1.15073
-1.2133
-1.27585
-1.33839
-1.40093
-1.46344
-1.52594
-1.58842
-1.65087
-1.7133
-1.7757
-1.83807
-1.90041
-1.96271
-2.02498
-2.0872
-2.14938
-2.21152
-2.27361
-2.33565
-2.39763
-2.45956
-2.52144
-2.58325
-2.645
-2.70668
-2.7683
-2.82985
-2.89132
-2.95272
-3.01404
-3.07528
-3.13644
-3.19751
-3.2585
-3.31939
-3.3802
-3.44091
-3.50152
-3.56203
-3.62244
-3.68274
-3.74294
-3.80303
-3.863
-3.92286
-3.98261
-4.04223
-4.10173
-4.16111
-4.22036
-4.27949
-4.33848
-4.39733
-4.45606
-4.51464
-4.57308
-4.63138
-4.68953
-4.74753
-4.80539
-4.86308
-4.92061
-4.97799
-5.0352
-5.09226
-5.14914
-5.20587
-5.26242
-5.3188
-5.375
-5.43103
-5.48688
-5.54255
-5.59804
-5.65334
-5.70845
-5.76337
-5.8181
-5.87263
-5.92697
-5.98111
-6.03504
-6.08878
-6.1423
-6.19562
-6.24873
-6.30162
-6.3543
-6.40677
-6.45901
-6.51103
-6.56283
-6.6144
-6.66575
-6.71686
-6.76774
-6.81839
-6.8688
-6.91898
-6.96891
-7.0186
-7.06804
-7.11724
-7.16619
-7.21487
-7.2633
-7.31147
-7.35939
-7.40705
-7.45444
-7.50158
-7.54844
-7.59504
-7.64137
-7.68743
-7.73322
-7.77873
-7.82397
-7.86892
-7.91359
-7.95799
-8.00209
-8.04591
-8.08945
-8.13269
-8.17564
-8.2183
-8.26066
-8.30272
-8.34448
-8.38594
-8.4271
-8.46796
-8.50851
-8.54875
-8.58868
-8.6283
-8.66759
-8.70656
-8.74522
-8.78356
-8.82157
-8.85927
-8.89664
-8.93368
-8.9704
-9.00679
-9.04286
-9.07859
-9.11398
-9.14905
-9.18377
-9.21816
-9.25221
-9.28592
-9.31929
-9.35231
-9.38499
-9.41732
-9.44931
-9.48094
-9.51223
-9.54316
-9.57374
-9.60397
-9.63383
-9.66334
-9.69247
-9.72124
-9.74965
-9.7777
-9.80538
-9.8327
-9.85965
-9.88623
-9.91245
-9.93829
-9.96376
-9.98886
-10.0136
-10.0379
-10.0619
-10.0855
-10.1087
-10.1316
-10.154
-10.1761
-10.1978
-10.2191
-10.2401
-10.2606
-10.2808
-10.3005
-10.3199
-10.3389
-10.3575
-10.3757
-10.3935
-10.4109
-10.4279
-10.4445
-10.4607
-10.4765
-10.492
-10.507
-10.5216
-10.5359
-10.5497
-10.5631
-10.5762
-10.5888
-10.601
-10.6129
-10.6243
-10.6353
-10.6459
-10.6561
-10.6659
-10.6753
-10.6843
-10.6928
-10.701
-10.7087
-10.716
-10.7229
-10.7294
-10.7355
-10.7412
-10.7465
-10.7513
-10.7558
-10.7598
-10.7634
-10.7667
-10.7694
-10.7718
-10.7738
-10.7753
-10.7765
-10.7772
-10.7775
-10.7774
-10.7769
-10.7759
-10.7746
-10.7728
-10.7705
-10.7679
-10.7649
-10.7614
-10.7575
-10.7532
-10.7485
-10.7434
-10.7379
-10.7319
-10.7255
-10.7187
-10.7115
-10.7039
-10.6958
-10.6874
-10.6785
-10.6692
-10.6595
-10.6494
-10.6389
-10.6279
-10.6165
-10.6048
-10.5926
-10.5799
-10.5669
-10.5534
-10.5396
-10.5253
-10.5106
-10.4955
-10.48
-10.4641
-10.4477
-10.431
-10.4138
-10.3963
-10.3783
-10.3599
-10.3411
-10.3219
-10.3023
-10.2823
-10.2619
-10.2411
-10.2199
-10.1983
-10.1763
-10.1538
-10.131
-10.1078
-10.0841
-10.0601
-10.0357
-10.0108
-9.98558
-9.95995
-9.93393
-9.90751
-9.8807
-9.85349
-9.8259
-9.79791
-9.76953
-9.74077
-9.71162
-9.68208
-9.65216
-9.62185
-9.59116
-9.56008
-9.52862
-9.49679
-9.46457
-9.43198
-9.39901
-9.36566
-9.33194
-9.29784
-9.26337
-9.22852
-9.19329
-9.15769
-9.12172
-9.08539
-9.04869
-9.01163
-8.9742
-8.93641
-8.89827
-8.85976
-8.8209
-8.78168
-8.7421
-8.70218
-8.6619
-8.62127
-8.58029
-8.53896
-8.49728
-8.45527
-8.4129
-8.3702
-8.32716
-8.28377
-8.24005
-8.196
-8.15161
-8.10688
-8.06183
-8.01645
-7.97073
-7.9247
-7.87833
-7.83162
-7.7846
-7.73726
-7.6896
-7.64162
-7.59333
-7.54473
-7.49582
-7.44659
-7.39706
-7.34723
-7.29709
-7.24664
-7.1959
-7.14486
-7.09352
-7.04189
-6.98997
-6.93775
-6.88524
-6.83245
-6.77937
-6.72601
-6.67237
-6.61845
-6.56425
-6.50977
-6.45503
-6.40001
-6.34472
-6.28916
-6.23334
-6.17725
-6.1209
-6.0643
-6.00743
-5.95031
-5.89294
-5.83531
-5.77744
-5.71932
-5.66095
-5.60234
-5.54348
-5.48438
-5.42505
-5.36548
-5.30568
-5.24565
-5.1854
-5.12492
-5.06422
-5.00329
-4.94215
-4.8808
-4.81922
-4.75744
-4.69545
-4.63325
-4.57085
-4.50824
-4.44544
-4.38244
-4.31924
-4.25585
-4.19226
-4.12849
-4.06454
-4.0004
-3.93608
-3.87158
-3.80691
-3.74206
-3.67704
-3.61185
-3.54649
-3.48097
-3.41529
-3.34945
-3.28345
-3.2173
-3.15099
-3.08454
-3.01794
-2.95119
-2.8843
-2.81728
-2.75012
-2.68282
-2.61539
-2.54783
-2.48014
-2.41233
-2.3444
-2.27635
-2.20819
-2.1399
-2.07151
-2.00301
-1.9344
-1.86569
-1.79688
-1.72797
-1.65896
-1.58986
-1.52067
-1.4514
-1.38203
-1.31259
-1.24306
-1.17345
-1.10378
-1.03402
-0.964203
-0.894316
-0.824364
-0.75435
-0.684278
-0.614149
-0.543967
-0.473733
-0.403452
-0.333125
-0.262755
-0.192344
-0.121896
-0.0514139
0.0191009
0.089645
0.160216
0.230811
0.301427
0.372062
0.442713
0.513377
0.584052
0.654734
0.725422
0.796112
0.866802
0.937488
1.00817
1.07884
1.1495
1.22015
1.29078
1.36139
1.43198
1.50254
1.57308
1.64359
1.71406
1.7845
1.8549
1.92525
1.99557
2.06584
2.13605
2.20622
2.27633
2.34639
2.41638
2.48631
2.55617
2.62597
2.6957
2.76535
2.83492
2.90442
2.97383
3.04316
3.1124
3.18155
3.25061
3.31957
3.38844
3.4572
3.52586
3.59442
3.66286
3.7312
3.79942
3.86752
3.9355
4.00336
4.07109
4.1387
4.20618
4.27352
4.34073
4.4078
4.47473
4.54151
4.60815
4.67464
4.74098
4.80716
4.87319
4.93906
5.00476
5.07031
5.13568
5.20088
5.26591
5.33077
5.39545
5.45995
5.52426
5.58839
5.65233
5.71609
5.77965
5.84301
5.90617
5.96914
6.0319
6.09445
6.1568
6.21894
6.28088
6.3426
6.4041
6.46538
6.52643
6.58726
6.64787
6.70824
6.76838
6.82829
6.88795
6.94738
7.00656
7.0655
7.12419
7.18264
7.24083
7.29876
7.35644
7.41386
7.47101
7.52791
7.58453
7.64089
7.69698
7.75279
7.80833
7.86359
7.91857
7.97326
8.02768
8.0818
8.13564
8.18918
8.24243
8.29539
8.34805
8.4004
8.45246
8.50421
8.55565
8.60679
8.65763
8.70809
8.75813
8.80781
8.85716
8.90619
8.9549
9.0032
9.05107
9.09858
9.14575
9.19259
9.23909
9.28516
9.33078
9.37605
9.42097
9.46555
9.50977
9.55355
9.59686
9.63981
9.68242
9.72466
9.76653
9.80794
9.84889
9.88948
9.92969
9.96954
10.009
10.048
10.0865
10.1247
10.1625
10.1999
10.2369
10.2734
10.3095
10.3452
10.3804
10.4153
10.4498
10.4838
10.5174
10.5505
10.5832
10.6155
10.6475
10.6789
10.7098
10.7403
10.7705
10.8002
10.8295
10.8583
10.8866
10.9145
10.9419
10.969
10.9956
11.0217
11.0474
11.0726
11.0974
11.1217
11.1457
11.1692
11.1922
11.2146
11.2367
11.2583
11.2794
11.3002
11.3204
11.3402
11.3594
11.3783
11.3967
11.4146
11.4321
11.4491
11.4656
11.4816
11.4972
11.5123
11.527
11.5412
11.5549
11.5681
11.5808
11.5931
11.605
11.6164
11.6273
11.6377
11.6476
11.657
11.666
11.6745
11.6826
11.6902
11.6972
11.7038
11.7099
11.7155
11.7207
11.7254
11.7296
11.7334
11.7366
11.7393
11.7415
11.7433
11.7447
11.7456
11.746
11.7459
11.7453
11.7442
11.7426
11.7406
11.7381
11.7352
11.7318
11.7278
11.7234
11.7184
11.713
11.7072
11.7008
11.6941
11.6868
11.679
11.6707
11.6619
11.6527
11.643
11.6328
11.6222
11.6111
11.5996
11.5875
11.5749
11.5619
11.5484
11.5344
11.52
11.5051
11.4898
11.474
11.4576
11.4408
11.4235
11.4057
11.3875
11.3688
11.3497
11.3301
11.3101
11.2896
11.2686
11.2471
11.2251
11.2027
11.1798
11.1565
11.1327
11.1085
11.0839
11.0588
11.0332
11.0071
10.9806
10.9536
10.9262
10.8983
10.87
10.8412
10.812
10.7823
10.7523
10.7218
10.6908
10.6593
10.6274
10.595
10.5622
10.529
10.4954
10.4613
10.4268
10.3918
10.3565
10.3207
10.2845
10.2479
10.2108
10.1733
10.1353
10.0969
10.0581
10.0189
9.9793
9.93927
9.89882
9.85796
9.81669
9.77501
9.73293
9.69045
9.64756
9.60427
9.56057
9.51645
9.4719
9.42695
9.38161
9.33588
9.28976
9.24324
9.19634
9.14906
9.1014
9.05337
9.00495
8.95616
8.90699
8.85744
8.80752
8.75722
8.70656
8.65552
8.60412
8.55236
8.50023
8.44774
8.39487
8.34163
8.28802
8.23406
8.17975
8.12509
8.07008
8.01473
7.95903
7.90299
7.84661
7.78989
7.73283
7.67544
7.61772
7.55967
7.50129
7.44259
7.38356
7.32422
7.26457
7.2046
7.14432
7.08372
7.02282
6.9616
6.90008
6.83826
6.77613
6.71371
6.65098
6.58797
6.52466
6.46106
6.39718
6.33301
6.26855
6.20382
6.13881
6.07352
6.00796
5.94213
5.87603
5.80967
5.74304
5.67615
5.60901
5.5416
5.47395
5.40604
5.33789
5.26949
5.20085
5.13196
5.06284
4.99348
4.92389
4.85408
4.78403
4.71376
4.64326
4.57255
4.50162
4.43048
4.35913
4.28758
4.21582
4.14386
4.07169
3.99933
3.92677
3.85403
3.78109
3.70796
3.63465
3.56116
3.48749
3.41365
3.33963
3.26544
3.19109
3.11657
3.04189
2.96705
2.89206
2.81691
2.74161
2.66617
2.59058
2.51485
2.43898
2.36298
2.28685
2.21058
2.13419
2.05767
1.98104
1.90429
1.82742
1.75044
1.67335
1.59616
1.51886
1.44146
1.36397
1.28638
1.20871
1.13094
1.05309
0.975161
0.897151
0.819065
0.740907
0.662679
0.584385
0.506028
0.42761
0.349135
0.270606
0.192026
0.113398
0.034725
-0.0439899
-0.122744
-0.201533
-0.280355
-0.359207
-0.438084
-0.516986
-0.595907
-0.674845
-0.753798
-0.832761
-0.911732
-0.990708
-1.06969
-1.14866
-1.22763
-1.3066
-1.38555
-1.46449
-1.54341
-1.62231
-1.70119
-1.78004
-1.85886
-1.93765
-2.0164
-2.09511
-2.17379
-2.25241
-2.33099
-2.40952
-2.48799
-2.56641
-2.64476
-2.72305
-2.80127
-2.87942
-2.9575
-3.03551
-3.11343
-3.19127
-3.26903
-3.34669
-3.42427
-3.50175
-3.57913
-3.65641
-3.73358
-3.81065
-3.88761
-3.96445
-4.04118
-4.11779
-4.19428
-4.27064
-4.34687
-4.42297
-4.49893
-4.57476
-4.65044
-4.72598
-4.80138
-4.87662
-4.95171
-5.02665
-5.10142
-5.17603
-5.25048
-5.32476
-5.39887
-5.4728
-5.54656
-5.62014
-5.69353
-5.76674
-5.83976
-5.91258
-5.98521
-6.05765
-6.12988
-6.20191
-6.27373
-6.34534
-6.41674
-6.48793
-6.5589
-6.62963
-6.70015
-6.77043
-6.84048
-6.91031
-6.97989
-7.04924
-7.11835
-7.18721
-7.25582
-7.32419
-7.3923
-7.46016
-7.52776
-7.5951
-7.66218
-7.72899
-7.79553
-7.8618
-7.9278
-7.99352
-8.05895
-8.12411
-8.18898
-8.25357
-8.31786
-8.38186
-8.44556
-8.50897
-8.57208
-8.63488
-8.69737
-8.75956
-8.82144
-8.883
-8.94425
-9.00517
-9.06578
-9.12606
-9.18602
-9.24565
-9.30494
-9.36391
-9.42253
-9.48082
-9.53875
-9.59634
-9.65358
-9.71047
-9.76702
-9.82321
-9.87904
-9.93452
-9.98964
-10.0444
-10.0988
-10.1528
-10.2065
-10.2598
-10.3127
-10.3652
-10.4174
-10.4691
-10.5205
-10.5715
-10.6222
-10.6724
-10.7223
-10.7717
-10.8208
-10.8694
-10.9177
-10.9656
-11.013
-11.0601
-11.1067
-11.153
-11.1988
-11.2442
-11.2892
-11.3337
-11.3779
-11.4216
-11.4649
-11.5078
-11.5502
-11.5923
-11.6338
-11.675
-11.7157
-11.756
-11.7959
-11.8353
-11.8743
-11.9128
-11.9509
-11.9886
-12.0258
-12.0625
-12.0988
-12.1347
-12.1701
-12.205
-12.2395
-12.2736
-12.3071
-12.3402
-12.3729
-12.4051
-12.4368
-12.468
-12.4988
-12.5291
-12.5589
-12.5882
-12.6171
-12.6455
-12.6735
-12.7009
-12.7279
-12.7544
-12.7804
-12.806
-12.831
-12.8556
-12.8797
-12.9033
-12.9264
-12.949
-12.9712
-12.9928
-13.0139
-13.0346
-13.0548
-13.0744
-13.0936
-13.1123
-13.1304
-13.1481
-13.1653
-13.1819
-13.1981
-13.2138
-13.2289
-13.2436
-13.2577
-13.2714
-13.2845
-13.2972
-13.3093
-13.3209
-13.3321
-13.3427
-13.3528
-13.3624
-13.3715
-13.38
-13.3881
-13.3957
-13.4027
-13.4092
-13.4152
-13.4207
-13.4257
-13.4301
-13.434
-13.4375
-13.4404
-13.4428
-13.4447
-13.446
-13.4469
-13.4472
-13.447
-13.4463
-13.4451
-13.4434
-13.4411
-13.4383
-13.4351
-13.4313
-13.4269
-13.4221
-13.4168
-13.4109
-13.4045
-13.3976
-13.3901
-13.3822
-13.3737
-13.3647
-13.3552
-13.3452
-13.3346
-13.3236
-13.312
-13.2999
-13.2873
-13.2742
-13.2606
-13.2465
-13.2318
-13.2166
-13.201
-13.1848
-13.1681
-13.1509
-13.1331
-13.1149
-13.0962
-13.0769
-13.0571
-13.0369
-13.0161
-12.9947
-12.9729
-12.9506
-12.9278
-12.9045
-12.8807
-12.8563
-12.8315
-12.8062
-12.7803
-12.754
-12.7272
-12.6999
-12.672
-12.6437
-12.6149
-12.5856
-12.5558
-12.5255
-12.4947
-12.4635
-12.4317
-12.3995
-12.3667
-12.3335
-12.2998
-12.2656
-12.2309
-12.1957
-12.1601
-12.124
-12.0873
-12.0503
-12.0127
-11.9747
-11.9362
-11.8972
-11.8578
-11.8179
-11.7775
-11.7367
-11.6954
-11.6536
-11.6114
-11.5687
-11.5255
-11.4819
-11.4379
-11.3934
-11.3484
-11.303
-11.2572
-11.2109
-11.1641
-11.1169
-11.0693
-11.0212
-10.9726
-10.9237
-10.8743
-10.8244
-10.7741
-10.7234
-10.6723
-10.6208
-10.5688
-10.5164
-10.4636
-10.4103
-10.3567
-10.3026
-10.2481
-10.1932
-10.1379
-10.0822
-10.0261
-9.96958
-9.91266
-9.85534
-9.79763
-9.73952
-9.68102
-9.62213
-9.56285
-9.50318
-9.44313
-9.3827
-9.32188
-9.26067
-9.19909
-9.13714
-9.07481
-9.01212
-8.94906
-8.88564
-8.82185
-8.75771
-8.69321
-8.62835
-8.56314
-8.49759
-8.43168
-8.36543
-8.29884
-8.23191
-8.16464
-8.09704
-8.0291
-7.96083
-7.89223
-7.82331
-7.75407
-7.68451
-7.61463
-7.54443
-7.47392
-7.4031
-7.33198
-7.26055
-7.18882
-7.11679
-7.04446
-6.97184
-6.89892
-6.82572
-6.75223
-6.67846
-6.60441
-6.53008
-6.45548
-6.38059
-6.30543
-6.23001
-6.15432
-6.07838
-6.00217
-5.92571
-5.84899
-5.77203
-5.69482
-5.61737
-5.53967
-5.46174
-5.38357
-5.30517
-5.22654
-5.14768
-5.0686
-4.9893
-4.90979
-4.83005
-4.75011
-4.66996
-4.5896
-4.50904
-4.42828
-4.34732
-4.26617
-4.18483
-4.1033
-4.02158
-3.93969
-3.85762
-3.77537
-3.69295
-3.61036
-3.5276
-3.44468
-3.3616
-3.27837
-3.19498
-3.11144
-3.02776
-2.94393
-2.85995
-2.77585
-2.6916
-2.60723
-2.52273
-2.4381
-2.35335
-2.26848
-2.18349
-2.0984
-2.01319
-1.92788
-1.84247
-1.75696
-1.67135
-1.58564
-1.49985
-1.41397
-1.32801
-1.24197
-1.15586
-1.06966
-0.983403
-0.897075
-0.810684
-0.724232
-0.637724
-0.551162
-0.464549
-0.377889
-0.291186
-0.204442
-0.117661
-0.0308461
0.0559994
0.142872
0.229769
0.316686
0.403621
0.490569
0.577528
0.664495
0.751466
0.838437
0.925406
1.01237
1.09932
1.18626
1.27319
1.36009
1.44698
1.53383
1.62066
1.70745
1.79421
1.88093
1.96761
2.05424
2.14082
2.22735
2.31383
2.40024
2.48659
2.57288
2.65909
2.74524
2.8313
2.91729
3.0032
3.08902
3.17475
3.26039
3.34593
3.43137
3.51671
3.60195
3.68707
3.77209
3.85698
3.94176
4.02642
4.11095
4.19535
4.27962
4.36376
4.44775
4.53161
4.61532
4.69888
4.78228
4.86554
4.94843
5.03111
5.11362
5.19597
5.27814
5.36005
5.44161
5.523
5.6042
5.68521
5.76603
5.84641
5.92658
6.00656
6.08633
6.16589
6.24508
6.32396
6.40263
6.48108
6.5593
6.63721
6.71472
6.792
6.86905
6.94585
7.0224
7.09846
7.17428
7.24984
7.32515
7.40021
7.47479
7.54906
7.62307
7.69681
7.77028
7.84332
7.91597
7.98835
8.06044
8.13225
8.20368
8.27465
8.34533
8.41572
8.48581
8.55554
8.62475
8.69366
8.76225
8.83053
8.89847
8.96588
9.03293
9.09967
9.16607
9.23215
9.29768
9.36282
9.42762
9.49209
9.55621
9.61982
9.68298
9.74579
9.80824
9.87034
9.93197
9.99308
10.0538
10.1142
10.1742
10.2338
10.2928
10.3514
10.4097
10.4676
10.525
10.5819
10.6383
10.6944
10.75
10.8053
10.86
10.9142
10.968
11.0214
11.0744
11.1269
11.1788
11.2303
11.2814
11.3321
11.3822
11.4317
11.4807
11.5293
11.5775
11.6252
11.6723
11.7189
11.7651
11.8109
11.8562
11.9009
11.945
11.9887
12.032
12.0748
12.1171
12.1588
12.2
12.2407
12.281
12.3208
12.3599
12.3986
12.4368
12.4745
12.5118
12.5484
12.5845
12.6201
12.6552
12.6899
12.7238
12.7572
12.79
12.8224
12.8542
12.8856
12.9164
12.9465
12.9762
13.0054
13.034
13.0622
13.0897
13.1166
13.1431
13.169
13.1945
13.2193
13.2435
13.2672
13.2904
13.3131
13.3353
13.3569
13.3778
13.3982
13.4182
13.4376
13.4564
13.4747
13.4923
13.5094
13.526
13.542
13.5576
13.5724
13.5867
13.6004
13.6137
13.6264
13.6385
13.65
13.661
13.6713
13.6812
13.6905
13.6993
13.7074
13.715
13.722
13.7284
13.7344
13.7398
13.7446
13.7487
13.7523
13.7554
13.7579
13.7599
13.7613
13.7621
13.7622
13.7619
13.761
13.7595
13.7576
13.755
13.7518
13.748
13.7436
13.7388
13.7334
13.7275
13.7209
13.7137
13.706
13.6977
13.6889
13.6796
13.6697
13.6592
13.6481
13.6364
13.6242
13.6114
13.5981
13.5843
13.5699
13.5548
13.5392
13.5231
13.5064
13.4892
13.4714
13.4531
13.4342
13.4147
13.3946
13.374
13.3529
13.3313
13.3092
13.2864
13.2631
13.2391
13.2147
13.1898
13.1643
13.1383
13.1117
13.0846
13.0569
13.0287
12.9999
12.9706
12.9408
12.9104
12.8796
12.8482
12.8162
12.7837
12.7506
12.717
12.683
12.6484
12.6133
12.5777
12.5416
12.5049
12.4676
12.4299
12.3916
12.3529
12.3136
12.2738
12.2336
12.1929
12.1516
12.1097
12.0674
12.0245
11.9812
11.9374
11.8931
11.8483
11.803
11.7573
11.711
11.6642
11.6169
11.5691
11.5209
11.4722
11.423
11.3733
11.3232
11.2727
11.2216
11.1701
11.1181
11.0656
11.0126
10.9592
10.9053
10.851
10.7962
10.741
10.6853
10.6292
10.5726
10.5157
10.4582
10.4003
10.3419
10.2831
10.2239
10.1642
10.1041
10.0436
9.98263
9.92128
9.85952
9.79736
9.73479
9.67181
9.60843
9.54464
9.48041
9.41573
9.35066
9.2852
9.21935
9.1531
9.08648
9.01946
8.95207
8.88429
8.81614
8.74762
8.67872
8.60945
8.53982
8.46982
8.39946
8.32875
8.25766
8.18616
8.11431
8.0421
7.96955
7.89665
7.82342
7.74984
7.67593
7.60169
7.52712
7.45224
7.37703
7.30151
7.22566
7.1495
7.07302
6.99624
6.91914
6.84175
6.76405
6.68605
6.60776
6.52917
6.4503
6.37113
6.29169
6.21195
6.13193
6.05163
5.97105
5.89019
5.80906
5.72768
5.64603
5.56413
5.48198
5.39957
5.31692
5.23402
5.15088
5.0675
4.98389
4.90005
4.81598
4.73168
4.64716
4.56242
4.47747
4.3923
4.30693
4.22135
4.13556
4.04958
3.9634
3.87703
3.79048
3.70374
3.61682
3.52972
3.44244
3.35499
3.26737
3.17958
3.09163
3.00352
2.91526
2.82684
2.73827
2.64955
2.5607
2.4717
2.38257
2.2933
2.20391
2.11439
2.02475
1.93499
1.84511
1.75513
1.66503
1.57483
1.48453
1.39413
1.30364
1.21305
1.12238
1.03163
0.940792
0.84988
0.758894
0.667839
0.576718
0.485534
0.394291
0.302992
0.211641
0.120242
0.0287981
-0.0626873
-0.15421
-0.245768
-0.337356
-0.428971
-0.520609
-0.612268
-0.703942
-0.79563
-0.887327
-0.979029
-1.07073
-1.16244
-1.25413
-1.34582
-1.4375
-1.52916
-1.6208
-1.71242
-1.80401
-1.89557
-1.9871
-2.07859
-2.17004
-2.26144
-2.3528
-2.4441
-2.53535
-2.62654
-2.71767
-2.80873
-2.89972
-2.99063
-3.08147
-3.17223
-3.26291
-3.3535
-3.44399
-3.5344
-3.6247
-3.7149
-3.805
-3.89499
-3.98486
-4.07462
-4.16426
-4.25377
-4.34316
-4.43242
-4.52154
-4.61053
-4.69937
-4.78807
-4.87663
-4.96503
-5.05327
-5.14136
-5.22928
-5.31704
-5.40464
-5.49205
-5.5793
-5.66636
-5.75324
-5.83993
-5.92643
-6.01274
-6.09886
-6.18477
-6.27048
-6.35598
-6.44127
-6.52635
-6.61121
-6.69585
-6.78027
-6.86446
-6.94841
-7.03214
-7.11562
-7.19887
-7.28187
-7.36462
-7.44712
-7.52937
-7.61136
-7.69309
-7.77456
-7.85576
-7.93668
-8.01734
-8.09772
-8.17781
-8.25763
-8.33715
-8.41639
-8.49533
-8.57398
-8.65232
-8.73036
-8.80809
-8.88551
-8.96262
-9.03941
-9.11588
-9.19204
-9.26786
-9.34336
-9.41853
-9.49337
-9.56787
-9.64203
-9.71585
-9.78932
-9.86244
-9.93521
-10.0076
-10.0797
-10.1514
-10.2227
-10.2937
-10.3643
-10.4345
-10.5044
-10.5738
-10.6429
-10.7116
-10.78
-10.8479
-10.9154
-10.9826
-11.0493
-11.1157
-11.1816
-11.2472
-11.3123
-11.377
-11.4413
-11.5052
-11.5687
-11.6318
-11.6944
-11.7566
-11.8184
-11.8797
-11.9406
-12.001
-12.0611
-12.1206
-12.1798
-12.2384
-12.2967
-12.3545
-12.4118
-12.4687
-12.5251
-12.581
-12.6365
-12.6915
-12.7461
-12.8002
-12.8538
-12.9069
-12.9596
-13.0118
-13.0635
-13.1147
-13.1655
-13.2157
-13.2655
-13.3147
-13.3635
-13.4118
-13.4596
-13.5068
-13.5536
-13.5999
-13.6456
-13.6909
-13.7356
-13.7798
-13.8235
-13.8667
-13.9094
-13.9515
-13.9932
-14.0343
-14.0749
-14.1149
-14.1545
-14.1935
-14.2319
-14.2699
-14.3073
-14.3442
-14.3805
-14.4163
-14.4515
-14.4862
-14.5204
-14.554
-14.5871
-14.6196
-14.6516
-14.683
-14.7139
-14.7442
-14.774
-14.8031
-14.8318
-14.8598
-14.8873
-14.9143
-14.9407
-14.9665
-14.9918
-15.0164
-15.0406
-15.0641
-15.0871
-15.1095
-15.1314
-15.1526
-15.1733
-15.1935
-15.213
-15.232
-15.2504
-15.2682
-15.2854
-15.3021
-15.3181
-15.3336
-15.3485
-15.3628
-15.3766
-15.3897
-15.4022
-15.4142
-15.4256
-15.4364
-15.4466
-15.4562
-15.4652
-15.4737
-15.4815
-15.4888
-15.4954
-15.5015
-15.507
-15.5119
-15.5162
-15.5199
-15.523
-15.5255
-15.5275
-15.5288
-15.5295
-15.5297
-15.5292
-15.5282
-15.5265
-15.5243
-15.5214
-15.518
-15.5139
-15.5093
-15.5041
-15.4982
-15.4918
-15.4848
-15.4772
-15.469
-15.4602
-15.4508
-15.4408
-15.4302
-15.4191
-15.4073
-15.3949
-15.382
-15.3684
-15.3543
-15.3396
-15.3242
-15.3083
-15.2918
-15.2747
-15.257
-15.2387
-15.2198
-15.2003
-15.1803
-15.1596
-15.1384
-15.1166
-15.0942
-15.0712
-15.0476
-15.0235
-14.9987
-14.9734
-14.9475
-14.921
-14.894
-14.8664
-14.8382
-14.8094
-14.78
-14.7501
-14.7196
-14.6885
-14.6568
-14.6246
-14.5918
-14.5584
-14.5244
-14.4899
-14.4549
-14.4192
-14.383
-14.3463
-14.309
-14.2711
-14.2326
-14.1937
-14.1541
-14.114
-14.0734
-14.0322
-13.9904
-13.9481
-13.9053
-13.8619
-13.818
-13.7735
-13.7285
-13.683
-13.6369
-13.5902
-13.5431
-13.4954
-13.4471
-13.3984
-13.3491
-13.2993
-13.2489
-13.1981
-13.1467
-13.0948
-13.0424
-12.9895
-12.936
-12.8821
-12.8277
-12.7727
-12.7172
-12.6613
-12.6048
-12.5478
-12.4904
-12.4324
-12.374
-12.315
-12.2556
-12.1957
-12.1353
-12.0744
-12.0131
-11.9512
-11.8889
-11.8261
-11.7628
-11.6991
-11.6349
-11.5702
-11.5051
-11.4395
-11.3735
-11.307
-11.24
-11.1726
-11.1048
-11.0365
-10.9678
-10.8986
-10.829
-10.759
-10.6885
-10.6176
-10.5463
-10.4745
-10.4024
-10.3298
-10.2568
-10.1834
-10.1095
-10.0353
-9.96066
-9.88562
-9.81017
-9.73432
-9.65807
-9.58143
-9.5044
-9.42699
-9.34919
-9.27102
-9.19246
-9.11354
-9.03424
-8.95457
-8.87454
-8.79415
-8.71339
-8.63228
-8.55082
-8.46901
-8.38685
-8.30434
-8.2215
-8.13831
-8.05479
-7.97094
-7.88676
-7.80225
-7.71742
-7.63227
-7.54681
-7.46103
-7.37494
-7.28854
-7.20184
-7.11484
-7.02755
-6.93996
-6.85207
-6.7639
-6.67545
-6.58672
-6.4977
-6.40842
-6.31886
-6.22903
-6.13893
-6.04856
-5.95795
-5.86707
-5.77595
-5.68458
-5.59296
-5.50111
-5.40907
-5.31684
-5.22439
-5.13176
-5.03896
-4.94594
-4.8527
-4.75924
-4.66567
-4.57191
-4.47795
-4.38389
-4.28964
-4.19519
-4.10056
-4.00579
-3.9109
-3.81583
-3.72068
-3.62537
-3.52991
-3.43427
-3.33851
-3.24267
-3.14669
-3.05063
-2.95446
-2.85815
-2.7617
-2.66515
-2.56856
-2.47183
-2.37509
-2.27823
-2.18126
-2.08418
-1.98705
-1.88988
-1.79263
-1.69537
-1.59802
-1.50058
-1.40305
-1.30555
-1.20798
-1.11042
-1.01283
-0.915171
-0.817446
-0.719708
-0.621989
-0.524255
-0.426557
-0.328814
-0.231029
-0.133211
-0.0354786
0.062279
0.159942
0.257629
0.355335
0.453058
0.550689
0.648303
0.745807
0.843298
0.940786
1.03827
1.13565
1.23298
1.33018
1.42733
1.52446
1.62157
1.71855
1.81545
1.9122
2.00888
2.10552
2.2021
2.29854
2.39488
2.49102
2.58709
2.68309
2.77903
2.87476
2.97037
3.06579
3.16112
3.25635
3.35149
3.44639
3.54113
3.63568
3.73013
3.82446
3.91863
4.01258
4.1063
4.19986
4.29329
4.38658
4.47964
4.57249
4.66507
4.7575
4.84978
4.94189
5.03371
5.12528
5.21662
5.30779
5.39879
5.48954
5.58002
5.67018
5.76015
5.84994
5.93952
6.02877
6.11771
6.2064
6.29487
6.38314
6.47111
6.55876
6.64607
6.73315
6.82
6.90661
6.99285
7.07873
7.16433
7.24968
7.33478
7.41953
7.50392
7.58795
7.67172
7.75522
7.83841
7.92122
8.0036
8.0857
8.16751
8.24904
8.33015
8.41084
8.49119
8.57124
8.65098
8.73035
8.80928
8.88779
8.96599
9.04387
9.12141
9.19849
9.27509
9.35137
9.42731
9.50291
9.57804
9.6527
9.72697
9.80089
9.87446
9.9476
10.0203
10.0924
10.1641
10.2355
10.3064
10.3769
10.4468
10.5163
10.5855
10.6543
10.7226
10.7903
10.8576
10.9245
10.9911
11.0571
11.1226
11.1876
11.2522
11.3164
11.3801
11.4433
11.506
11.5682
11.63
11.6913
11.7522
11.8124
11.8722
11.9315
11.9904
12.0488
12.1065
12.1638
12.2206
12.277
12.3328
12.3879
12.4425
12.4966
12.5503
12.6035
12.6561
12.7081
12.7596
12.8107
12.8612
12.9112
12.9606
13.0094
13.0578
13.1056
13.153
13.1997
13.2458
13.2914
13.3365
13.3811
13.4251
13.4685
13.5112
13.5535
13.5953
13.6366
13.6771
13.7169
13.7562
13.795
13.8333
13.871
13.908
13.9444
13.9803
14.0157
14.0505
14.0847
14.1182
14.1512
14.1837
14.2156
14.2469
14.2775
14.3074
14.3367
14.3655
14.3938
14.4214
14.4484
14.4746
14.5003
14.5254
14.55
14.5739
14.5972
14.6198
14.6419
14.6634
14.6844
14.7047
14.7242
14.7431
14.7615
14.7793
14.7965
14.813
14.8289
14.8441
14.8588
14.873
14.8865
14.8992
14.9113
14.9228
14.9337
14.944
14.9538
14.9628
14.9712
14.979
14.9862
14.9928
14.9988
15.0042
15.0089
15.0129
15.0164
15.0193
15.0216
15.0233
15.0242
15.0246
15.0243
15.0235
15.0221
15.0201
15.0174
15.014
15.01
15.0055
15.0003
14.9946
14.9882
14.9811
14.9734
14.9652
14.9563
14.9468
14.9368
14.926
14.9146
14.9026
14.89
14.8768
14.8631
14.8487
14.8336
14.8179
14.8016
14.7847
14.7673
14.7492
14.7306
14.7113
14.6913
14.6707
14.6496
14.6279
14.6056
14.5827
14.5591
14.5349
14.5101
14.4848
14.4588
14.4323
14.4052
14.3775
14.3491
14.3201
14.2906
14.2604
14.2298
14.1985
14.1667
14.1342
14.1011
14.0674
14.0332
13.9984
13.9631
13.9272
13.8906
13.8535
13.8158
13.7775
13.7386
13.6992
13.6593
13.6188
13.5777
13.5361
13.4938
13.4509
13.4075
13.3636
13.3192
13.2742
13.2287
13.1825
13.1358
13.0886
13.0408
12.9925
12.9436
12.8943
12.8444
12.794
12.743
12.6915
12.6394
12.5867
12.5336
12.48
12.4259
12.3712
12.3161
12.2603
12.2041
12.1474
12.0901
12.0323
11.974
11.9153
11.856
11.7963
11.7361
11.6753
11.6141
11.5524
11.4901
11.4274
11.3643
11.3006
11.2365
11.172
11.107
11.0414
10.9754
10.9089
10.842
10.7746
10.7067
10.6384
10.5696
10.5005
10.4308
10.3608
10.2903
10.2193
10.1479
10.0761
10.0038
9.93107
9.85794
9.78439
9.71045
9.63611
9.56137
9.48623
9.41067
9.33468
9.2583
9.18152
9.10435
9.02674
8.94876
8.8704
8.79166
8.71256
8.63308
8.55324
8.47304
8.39248
8.31152
8.23018
8.1485
8.06647
7.9841
7.90134
7.81823
7.73479
7.65101
7.56691
7.48248
7.39772
7.31265
7.22726
7.14156
7.05553
6.96916
6.8825
6.79554
6.70828
6.62073
6.53288
6.44471
6.35625
6.2675
6.17848
6.08919
5.99962
5.90979
5.81969
5.72934
5.63872
5.54785
5.45673
5.36534
5.27368
5.18179
5.08966
4.9973
4.90471
4.81189
4.71885
4.62557
4.53205
4.43833
4.34439
4.25026
4.15592
4.06138
3.96664
3.87172
3.77661
3.68132
3.58584
3.49019
3.39437
3.29838
3.20222
3.10587
3.00937
2.91271
2.81589
2.71894
2.62185
2.52461
2.42725
2.32974
2.23212
2.13436
2.03649
1.93849
1.84036
1.74212
1.64377
1.54532
1.44678
1.34814
1.24941
1.15059
1.05169
0.952707
0.85365
0.754522
0.655325
0.556065
0.456744
0.357367
0.257937
0.158458
0.0589338
-0.0406312
-0.140234
-0.239869
-0.339535
-0.439226
-0.538939
-0.638677
-0.738437
-0.838207
-0.937983
-1.03776
-1.13754
-1.23731
-1.33708
-1.43683
-1.53656
-1.63627
-1.73596
-1.83562
-1.93525
-2.03484
-2.13439
-2.2339
-2.33336
-2.43277
-2.53212
-2.63142
-2.73065
-2.82981
-2.9289
-3.02792
-3.12685
-3.22571
-3.32448
-3.42316
-3.52174
-3.62023
-3.71861
-3.81689
-3.91506
-4.01311
-4.11105
-4.20887
-4.30656
-4.40412
-4.50155
-4.59884
-4.696
-4.79301
-4.88987
-4.98658
-5.08313
-5.17953
-5.27576
-5.37182
-5.46771
-5.56343
-5.65897
-5.75433
-5.84951
-5.94449
-6.03928
-6.13387
-6.22827
-6.32246
-6.41644
-6.5102
-6.60376
-6.69709
-6.7902
-6.88308
-6.97574
-7.06815
-7.16034
-7.25228
-7.34397
-7.43542
-7.52661
-7.61755
-7.70823
-7.79865
-7.8888
-7.97868
-8.06828
-8.15761
-8.24666
-8.33542
-8.42389
-8.51208
-8.59997
-8.68756
-8.77484
-8.86183
-8.9485
-9.03486
-9.12091
-9.20663
-9.29203
-9.37711
-9.46186
-9.54627
-9.63035
-9.71409
-9.79749
-9.88054
-9.96324
-10.0456
-10.1276
-10.2092
-10.2905
-10.3714
-10.4519
-10.5321
-10.6118
-10.6912
-10.7702
-10.8489
-10.9271
-11.0049
-11.0824
-11.1595
-11.2361
-11.3124
-11.3882
-11.4636
-11.5386
-11.6132
-11.6874
-11.7612
-11.8345
-11.9074
-11.9799
-12.0519
-12.1235
-12.1947
-12.2654
-12.3357
-12.4055
-12.4749
-12.5438
-12.6123
-12.6803
-12.7478
-12.8149
-12.8815
-12.9476
-13.0133
-13.0784
-13.1432
-13.2074
-13.2711
-13.3344
-13.3971
-13.4594
-13.5212
-13.5824
-13.6432
-13.7035
-13.7632
-13.8225
-13.8812
-13.9394
-13.9971
-14.0543
-14.111
-14.1672
-14.2228
-14.2779
-14.3325
-14.3865
-14.44
-14.493
-14.5454
-14.5973
-14.6487
-14.6995
-14.7497
-14.7995
-14.8486
-14.8972
-14.9453
-14.9928
-15.0397
-15.0861
-15.1319
-15.1772
-15.2219
-15.266
-15.3096
-15.3525
-15.3949
-15.4367
-15.478
-15.5186
-15.5587
-15.5982
-15.6371
-15.6754
-15.7132
-15.7503
-15.7869
-15.8228
-15.8582
-15.8929
-15.9271
-15.9607
-15.9937
-16.026
-16.0578
-16.089
-16.1195
-16.1495
-16.1788
-16.2076
-16.2357
-16.2632
-16.2901
-16.3164
-16.342
-16.3671
-16.3915
-16.4153
-16.4385
-16.461
-16.4829
-16.5043
-16.5249
-16.545
-16.5644
-16.5832
-16.6014
-16.6189
-16.6358
-16.6521
-16.6678
-16.6828
-16.6971
-16.7109
-16.724
-16.7365
-16.7483
-16.7595
-16.7701
-16.78
-16.7893
-16.798
-16.806
-16.8133
-16.82
-16.8261
-16.8315
-16.8363
-16.8405
-16.844
-16.8468
-16.849
-16.8506
-16.8515
-16.8518
-16.8514
-16.8504
-16.8488
-16.8465
-16.8435
-16.8399
-16.8357
-16.8308
-16.8253
-16.8192
-16.8123
-16.8049
-16.7968
-16.7881
-16.7787
-16.7687
-16.758
-16.7467
-16.7347
-16.7221
-16.7089
-16.695
-16.6805
-16.6653
-16.6495
-16.633
-16.6159
-16.5982
-16.5798
-16.5608
-16.5412
-16.5209
-16.5
-16.4785
-16.4563
-16.4335
-16.4101
-16.386
-16.3613
-16.3359
-16.3099
-16.2833
-16.2561
-16.2283
-16.1998
-16.1707
-16.1409
-16.1106
-16.0796
-16.048
-16.0157
-15.9829
-15.9494
-15.9153
-15.8807
-15.8454
-15.8095
-15.773
-15.7358
-15.6981
-15.6597
-15.6208
-15.5812
-15.5411
-15.5003
-15.459
-15.417
-15.3745
-15.3313
-15.2875
-15.2432
-15.1982
-15.1527
-15.1065
-15.0599
-15.0126
-14.9647
-14.9163
-14.8673
-14.8176
-14.7675
-14.7167
-14.6654
-14.6136
-14.5611
-14.5081
-14.4545
-14.4004
-14.3457
-14.2904
-14.2346
-14.1783
-14.1214
-14.0639
-14.0059
-13.9473
-13.8881
-13.8285
-13.7684
-13.7077
-13.6464
-13.5846
-13.5223
-13.4595
-13.3961
-13.3322
-13.2678
-13.2029
-13.1375
-13.0715
-13.0051
-12.9382
-12.8708
-12.8028
-12.7344
-12.6655
-12.5961
-12.5261
-12.4557
-12.3849
-12.3135
-12.2417
-12.1694
-12.0966
-12.0233
-11.9496
-11.8754
-11.8007
-11.7256
-11.65
-11.5739
-11.4974
-11.4205
-11.3431
-11.2653
-11.1871
-11.1084
-11.0293
-10.9497
-10.8697
-10.7893
-10.7084
-10.6272
-10.5456
-10.4635
-10.381
-10.2982
-10.2149
-10.1313
-10.0472
-9.96271
-9.87782
-9.79257
-9.70701
-9.62105
-9.5347
-9.44798
-9.36093
-9.2735
-9.18569
-9.0975
-9.00894
-8.92001
-8.83081
-8.74124
-8.65132
-8.56109
-8.47055
-8.37967
-8.28843
-8.19686
-8.10494
-8.01272
-7.92024
-7.82742
-7.7343
-7.64093
-7.54725
-7.45325
-7.35894
-7.26433
-7.16941
-7.07429
-6.97888
-6.88318
-6.78728
-6.69109
-6.59462
-6.49788
-6.40088
-6.30363
-6.20621
-6.10852
-6.01062
-5.91252
-5.81416
-5.71556
-5.61671
-5.5176
-5.41832
-5.31885
-5.21914
-5.11932
-5.01928
-4.91903
-4.81864
-4.71803
-4.61723
-4.51632
-4.4152
-4.31399
-4.21261
-4.11105
-4.00931
-3.90738
-3.80529
-3.70312
-3.60079
-3.49839
-3.39584
-3.29315
-3.19034
-3.08747
-2.98447
-2.88143
-2.77832
-2.67523
-2.572
